0 2 78 468 1
0 2 468 390 1
2 80 78 468 1
2 470 468 392 1
2 80 468 470 1
2 468 390 392 1
2 4 80 470 1
2 4 470 392 1
4 82 80 470 1
4 472 470 394 1
4 82 470 472 1
4 470 392 394 1
4 6 82 472 1
4 6 472 394 1
6 84 82 472 1
6 474 472 396 1
6 84 472 474 1
6 472 394 396 1
6 8 84 474 1
6 8 474 396 1
8 86 84 474 1
8 476 474 398 1
8 86 474 476 1
8 474 396 398 1
8 10 86 476 1
8 10 476 398 1
10 88 86 476 1
10 478 476 400 1
10 88 476 478 1
10 476 398 400 1
10 12 88 478 1
10 12 478 400 1
12 90 88 478 1
12 480 478 402 1
12 90 478 480 1
12 478 400 402 1
12 14 90 480 1
12 14 480 402 1
14 92 90 480 1
14 482 480 404 1
14 92 480 482 1
14 480 402 404 1
14 16 92 482 1
14 16 482 404 1
16 94 92 482 1
16 484 482 406 1
16 94 482 484 1
16 482 404 406 1
16 18 94 484 1
16 18 484 406 1
18 96 94 484 1
18 486 484 408 1
18 96 484 486 1
18 484 406 408 1
18 20 96 486 1
18 20 486 408 1
20 98 96 486 1
20 488 486 410 1
20 98 486 488 1
20 486 408 410 1
20 22 98 488 1
20 22 488 410 1
22 100 98 488 1
22 490 488 412 1
22 100 488 490 1
22 488 410 412 1
22 24 100 490 1
22 24 490 412 1
24 102 100 490 1
24 492 490 414 1
24 102 490 492 1
24 490 412 414 1
24 26 102 492 1
24 26 492 414 1
26 104 102 492 1
26 494 492 416 1
26 104 492 494 1
26 492 414 416 1
26 28 104 494 1
26 28 494 416 1
28 106 104 494 1
28 496 494 418 1
28 106 494 496 1
28 494 416 418 1
28 30 106 496 1
28 30 496 418 1
30 108 106 496 1
30 498 496 420 1
30 108 496 498 1
30 496 418 420 1
30 32 108 498 1
30 32 498 420 1
32 110 108 498 1
32 500 498 422 1
32 110 498 500 1
32 498 420 422 1
32 34 110 500 1
32 34 500 422 1
34 112 110 500 1
34 502 500 424 1
34 112 500 502 1
34 500 422 424 1
34 36 112 502 1
34 36 502 424 1
36 114 112 502 1
36 504 502 426 1
36 114 502 504 1
36 502 424 426 1
36 38 114 504 1
36 38 504 426 1
38 116 114 504 1
38 506 504 428 1
38 116 504 506 1
38 504 426 428 1
78 80 156 546 0
78 80 546 468 0
80 158 156 546 0
80 548 546 470 0
80 158 546 548 0
80 546 468 470 0
80 82 158 548 0
80 82 548 470 0
82 160 158 548 0
82 550 548 472 0
82 160 548 550 0
82 548 470 472 0
82 84 160 550 0
82 84 550 472 0
84 162 160 550 0
84 552 550 474 0
84 162 550 552 0
84 550 472 474 0
84 86 162 552 0
84 86 552 474 0
86 164 162 552 0
86 554 552 476 0
86 164 552 554 0
86 552 474 476 0
86 88 164 554 0
86 88 554 476 0
88 166 164 554 0
88 556 554 478 0
88 166 554 556 0
88 554 476 478 0
88 90 166 556 0
88 90 556 478 0
90 168 166 556 0
90 558 556 480 0
90 168 556 558 0
90 556 478 480 0
90 92 168 558 0
90 92 558 480 0
92 170 168 558 0
92 560 558 482 0
92 170 558 560 0
92 558 480 482 0
92 94 170 560 0
92 94 560 482 0
94 172 170 560 0
94 562 560 484 0
94 172 560 562 0
94 560 482 484 0
94 96 172 562 0
94 96 562 484 0
96 174 172 562 0
96 564 562 486 0
96 174 562 564 0
96 562 484 486 0
96 98 174 564 0
96 98 564 486 0
98 176 174 564 0
98 566 564 488 0
98 176 564 566 0
98 564 486 488 0
98 100 176 566 0
98 100 566 488 0
100 178 176 566 0
100 568 566 490 0
100 178 566 568 0
100 566 488 490 0
100 102 178 568 0
100 102 568 490 0
102 180 178 568 0
102 570 568 492 0
102 180 568 570 0
102 568 490 492 0
102 104 180 570 0
102 104 570 492 0
104 182 180 570 0
104 572 570 494 0
104 182 570 572 0
104 570 492 494 0
104 106 182 572 0
104 106 572 494 0
106 184 182 572 0
106 574 572 496 0
106 184 572 574 0
106 572 494 496 0
106 108 184 574 0
106 108 574 496 0
108 186 184 574 0
108 576 574 498 0
108 186 574 576 0
108 574 496 498 0
108 110 186 576 0
108 110 576 498 0
110 188 186 576 0
110 578 576 500 0
110 188 576 578 0
110 576 498 500 0
110 112 188 578 0
110 112 578 500 0
112 190 188 578 0
112 580 578 502 0
112 190 578 580 0
112 578 500 502 0
112 114 190 580 0
112 114 580 502 0
114 192 190 580 0
114 582 580 504 0
114 192 580 582 0
114 580 502 504 0
114 116 192 582 0
114 116 582 504 0
116 194 192 582 0
116 584 582 506 0
116 194 582 584 0
116 582 504 506 0
390 392 468 858 1
390 392 858 780 1
392 470 468 858 1
392 860 858 782 1
392 470 858 860 1
392 858 780 782 1
392 394 470 860 1
392 394 860 782 1
394 472 470 860 1
394 862 860 784 1
394 472 860 862 1
394 860 782 784 1
394 396 472 862 1
394 396 862 784 1
396 474 472 862 1
396 864 862 786 1
396 474 862 864 1
396 862 784 786 1
396 398 474 864 1
396 398 864 786 1
398 476 474 864 1
398 866 864 788 1
398 476 864 866 1
398 864 786 788 1
398 400 476 866 1
398 400 866 788 1
400 478 476 866 1
400 868 866 790 1
400 478 866 868 1
400 866 788 790 1
400 402 478 868 1
400 402 868 790 1
402 480 478 868 1
402 870 868 792 1
402 480 868 870 1
402 868 790 792 1
402 404 480 870 1
402 404 870 792 1
404 482 480 870 1
404 872 870 794 1
404 482 870 872 1
404 870 792 794 1
404 406 482 872 1
404 406 872 794 1
406 484 482 872 1
406 874 872 796 1
406 484 872 874 1
406 872 794 796 1
406 408 484 874 1
406 408 874 796 1
408 486 484 874 1
408 876 874 798 1
408 486 874 876 1
408 874 796 798 1
408 410 486 876 1
408 410 876 798 1
410 488 486 876 1
410 878 876 800 1
410 488 876 878 1
410 876 798 800 1
410 412 488 878 1
410 412 878 800 1
412 490 488 878 1
412 880 878 802 1
412 490 878 880 1
412 878 800 802 1
412 414 490 880 1
412 414 880 802 1
414 492 490 880 1
414 882 880 804 1
414 492 880 882 1
414 880 802 804 1
414 416 492 882 1
414 416 882 804 1
416 494 492 882 1
416 884 882 806 1
416 494 882 884 1
416 882 804 806 1
416 418 494 884 1
416 418 884 806 1
418 496 494 884 1
418 886 884 808 1
418 496 884 886 1
418 884 806 808 1
418 420 496 886 1
418 420 886 808 1
420 498 496 886 1
420 888 886 810 1
420 498 886 888 1
420 886 808 810 1
420 422 498 888 1
420 422 888 810 1
422 500 498 888 1
422 890 888 812 1
422 500 888 890 1
422 888 810 812 1
422 424 500 890 1
422 424 890 812 1
424 502 500 890 1
424 892 890 814 1
424 502 890 892 1
424 890 812 814 1
424 426 502 892 1
424 426 892 814 1
426 504 502 892 1
426 894 892 816 1
426 504 892 894 1
426 892 814 816 1
426 428 504 894 1
426 428 894 816 1
428 506 504 894 1
428 896 894 818 1
428 506 894 896 1
428 894 816 818 1
468 470 546 936 0
468 470 936 858 0
470 548 546 936 0
470 938 936 860 0
470 548 936 938 0
470 936 858 860 0
470 472 548 938 0
470 472 938 860 0
472 550 548 938 0
472 940 938 862 0
472 550 938 940 0
472 938 860 862 0
472 474 550 940 0
472 474 940 862 0
474 552 550 940 0
474 942 940 864 0
474 552 940 942 0
474 940 862 864 0
474 476 552 942 0
474 476 942 864 0
476 554 552 942 0
476 944 942 866 0
476 554 942 944 0
476 942 864 866 0
476 478 554 944 0
476 478 944 866 0
478 556 554 944 0
478 946 944 868 0
478 556 944 946 0
478 944 866 868 0
478 480 556 946 0
478 480 946 868 0
480 558 556 946 0
480 948 946 870 0
480 558 946 948 0
480 946 868 870 0
480 482 558 948 0
480 482 948 870 0
482 560 558 948 0
482 950 948 872 0
482 560 948 950 0
482 948 870 872 0
482 484 560 950 0
482 484 950 872 0
484 562 560 950 0
484 952 950 874 0
484 562 950 952 0
484 950 872 874 0
484 486 562 952 0
484 486 952 874 0
486 564 562 952 0
486 954 952 876 0
486 564 952 954 0
486 952 874 876 0
486 488 564 954 0
486 488 954 876 0
488 566 564 954 0
488 956 954 878 0
488 566 954 956 0
488 954 876 878 0
488 490 566 956 0
488 490 956 878 0
490 568 566 956 0
490 958 956 880 0
490 568 956 958 0
490 956 878 880 0
490 492 568 958 0
490 492 958 880 0
492 570 568 958 0
492 960 958 882 0
492 570 958 960 0
492 958 880 882 0
492 494 570 960 0
492 494 960 882 0
494 572 570 960 0
494 962 960 884 0
494 572 960 962 0
494 960 882 884 0
494 496 572 962 0
494 496 962 884 0
496 574 572 962 0
496 964 962 886 0
496 574 962 964 0
496 962 884 886 0
496 498 574 964 0
496 498 964 886 0
498 576 574 964 0
498 966 964 888 0
498 576 964 966 0
498 964 886 888 0
498 500 576 966 0
498 500 966 888 0
500 578 576 966 0
500 968 966 890 0
500 578 966 968 0
500 966 888 890 0
500 502 578 968 0
500 502 968 890 0
502 580 578 968 0
502 970 968 892 0
502 580 968 970 0
502 968 890 892 0
502 504 580 970 0
502 504 970 892 0
504 582 580 970 0
504 972 970 894 0
504 582 970 972 0
504 970 892 894 0
504 506 582 972 0
504 506 972 894 0
506 584 582 972 0
506 974 972 896 0
506 584 972 974 0
506 972 894 896 0
780 782 858 1248 1
780 782 1248 1170 1
782 860 858 1248 1
782 1250 1248 1172 1
782 860 1248 1250 1
782 1248 1170 1172 1
782 784 860 1250 1
782 784 1250 1172 1
784 862 860 1250 1
784 1252 1250 1174 1
784 862 1250 1252 1
784 1250 1172 1174 1
784 786 862 1252 1
784 786 1252 1174 1
786 864 862 1252 1
786 1254 1252 1176 1
786 864 1252 1254 1
786 1252 1174 1176 1
786 788 864 1254 1
786 788 1254 1176 1
788 866 864 1254 1
788 1256 1254 1178 1
788 866 1254 1256 1
788 1254 1176 1178 1
788 790 866 1256 1
788 790 1256 1178 1
790 868 866 1256 1
790 1258 1256 1180 1
790 868 1256 1258 1
790 1256 1178 1180 1
790 792 868 1258 1
790 792 1258 1180 1
792 870 868 1258 1
792 1260 1258 1182 1
792 870 1258 1260 1
792 1258 1180 1182 1
792 794 870 1260 1
792 794 1260 1182 1
794 872 870 1260 1
794 1262 1260 1184 1
794 872 1260 1262 1
794 1260 1182 1184 1
794 796 872 1262 1
794 796 1262 1184 1
796 874 872 1262 1
796 1264 1262 1186 1
796 874 1262 1264 1
796 1262 1184 1186 1
796 798 874 1264 1
796 798 1264 1186 1
798 876 874 1264 1
798 1266 1264 1188 1
798 876 1264 1266 1
798 1264 1186 1188 1
798 800 876 1266 1
798 800 1266 1188 1
800 878 876 1266 1
800 1268 1266 1190 1
800 878 1266 1268 1
800 1266 1188 1190 1
800 802 878 1268 1
800 802 1268 1190 1
802 880 878 1268 1
802 1270 1268 1192 1
802 880 1268 1270 1
802 1268 1190 1192 1
802 804 880 1270 1
802 804 1270 1192 1
804 882 880 1270 1
804 1272 1270 1194 1
804 882 1270 1272 1
804 1270 1192 1194 1
804 806 882 1272 1
804 806 1272 1194 1
806 884 882 1272 1
806 1274 1272 1196 1
806 884 1272 1274 1
806 1272 1194 1196 1
806 808 884 1274 1
806 808 1274 1196 1
808 886 884 1274 1
808 1276 1274 1198 1
808 886 1274 1276 1
808 1274 1196 1198 1
808 810 886 1276 1
808 810 1276 1198 1
810 888 886 1276 1
810 1278 1276 1200 1
810 888 1276 1278 1
810 1276 1198 1200 1
810 812 888 1278 1
810 812 1278 1200 1
812 890 888 1278 1
812 1280 1278 1202 1
812 890 1278 1280 1
812 1278 1200 1202 1
812 814 890 1280 1
812 814 1280 1202 1
814 892 890 1280 1
814 1282 1280 1204 1
814 892 1280 1282 1
814 1280 1202 1204 1
814 816 892 1282 1
814 816 1282 1204 1
816 894 892 1282 1
816 1284 1282 1206 1
816 894 1282 1284 1
816 1282 1204 1206 1
816 818 894 1284 1
816 818 1284 1206 1
818 896 894 1284 1
818 1286 1284 1208 1
818 896 1284 1286 1
818 1284 1206 1208 1
858 860 936 1326 0
858 860 1326 1248 0
860 938 936 1326 0
860 1328 1326 1250 0
860 938 1326 1328 0
860 1326 1248 1250 0
860 862 938 1328 0
860 862 1328 1250 0
862 940 938 1328 0
862 1330 1328 1252 0
862 940 1328 1330 0
862 1328 1250 1252 0
862 864 940 1330 0
862 864 1330 1252 0
864 942 940 1330 0
864 1332 1330 1254 0
864 942 1330 1332 0
864 1330 1252 1254 0
864 866 942 1332 0
864 866 1332 1254 0
866 944 942 1332 0
866 1334 1332 1256 0
866 944 1332 1334 0
866 1332 1254 1256 0
866 868 944 1334 0
866 868 1334 1256 0
868 946 944 1334 0
868 1336 1334 1258 0
868 946 1334 1336 0
868 1334 1256 1258 0
868 870 946 1336 0
868 870 1336 1258 0
870 948 946 1336 0
870 1338 1336 1260 0
870 948 1336 1338 0
870 1336 1258 1260 0
870 872 948 1338 0
870 872 1338 1260 0
872 950 948 1338 0
872 1340 1338 1262 0
872 950 1338 1340 0
872 1338 1260 1262 0
872 874 950 1340 0
872 874 1340 1262 0
874 952 950 1340 0
874 1342 1340 1264 0
874 952 1340 1342 0
874 1340 1262 1264 0
874 876 952 1342 0
874 876 1342 1264 0
876 954 952 1342 0
876 1344 1342 1266 0
876 954 1342 1344 0
876 1342 1264 1266 0
876 878 954 1344 0
876 878 1344 1266 0
878 956 954 1344 0
878 1346 1344 1268 0
878 956 1344 1346 0
878 1344 1266 1268 0
878 880 956 1346 0
878 880 1346 1268 0
880 958 956 1346 0
880 1348 1346 1270 0
880 958 1346 1348 0
880 1346 1268 1270 0
880 882 958 1348 0
880 882 1348 1270 0
882 960 958 1348 0
882 1350 1348 1272 0
882 960 1348 1350 0
882 1348 1270 1272 0
882 884 960 1350 0
882 884 1350 1272 0
884 962 960 1350 0
884 1352 1350 1274 0
884 962 1350 1352 0
884 1350 1272 1274 0
884 886 962 1352 0
884 886 1352 1274 0
886 964 962 1352 0
886 1354 1352 1276 0
886 964 1352 1354 0
886 1352 1274 1276 0
886 888 964 1354 0
886 888 1354 1276 0
888 966 964 1354 0
888 1356 1354 1278 0
888 966 1354 1356 0
888 1354 1276 1278 0
888 890 966 1356 0
888 890 1356 1278 0
890 968 966 1356 0
890 1358 1356 1280 0
890 968 1356 1358 0
890 1356 1278 1280 0
890 892 968 1358 0
890 892 1358 1280 0
892 970 968 1358 0
892 1360 1358 1282 0
892 970 1358 1360 0
892 1358 1280 1282 0
892 894 970 1360 0
892 894 1360 1282 0
894 972 970 1360 0
894 1362 1360 1284 0
894 972 1360 1362 0
894 1360 1282 1284 0
894 896 972 1362 0
894 896 1362 1284 0
896 974 972 1362 0
896 1364 1362 1286 0
896 974 1362 1364 0
896 1362 1284 1286 0
1170 1172 1248 1638 1
1170 1172 1638 1560 1
1172 1250 1248 1638 1
1172 1640 1638 1562 1
1172 1250 1638 1640 1
1172 1638 1560 1562 1
1172 1174 1250 1640 1
1172 1174 1640 1562 1
1174 1252 1250 1640 1
1174 1642 1640 1564 1
1174 1252 1640 1642 1
1174 1640 1562 1564 1
1174 1176 1252 1642 1
1174 1176 1642 1564 1
1176 1254 1252 1642 1
1176 1644 1642 1566 1
1176 1254 1642 1644 1
1176 1642 1564 1566 1
1176 1178 1254 1644 1
1176 1178 1644 1566 1
1178 1256 1254 1644 1
1178 1646 1644 1568 1
1178 1256 1644 1646 1
1178 1644 1566 1568 1
1178 1180 1256 1646 1
1178 1180 1646 1568 1
1180 1258 1256 1646 1
1180 1648 1646 1570 1
1180 1258 1646 1648 1
1180 1646 1568 1570 1
1180 1182 1258 1648 1
1180 1182 1648 1570 1
1182 1260 1258 1648 1
1182 1650 1648 1572 1
1182 1260 1648 1650 1
1182 1648 1570 1572 1
1182 1184 1260 1650 1
1182 1184 1650 1572 1
1184 1262 1260 1650 1
1184 1652 1650 1574 1
1184 1262 1650 1652 1
1184 1650 1572 1574 1
1184 1186 1262 1652 1
1184 1186 1652 1574 1
1186 1264 1262 1652 1
1186 1654 1652 1576 1
1186 1264 1652 1654 1
1186 1652 1574 1576 1
1186 1188 1264 1654 1
1186 1188 1654 1576 1
1188 1266 1264 1654 1
1188 1656 1654 1578 1
1188 1266 1654 1656 1
1188 1654 1576 1578 1
1188 1190 1266 1656 1
1188 1190 1656 1578 1
1190 1268 1266 1656 1
1190 1658 1656 1580 1
1190 1268 1656 1658 1
1190 1656 1578 1580 1
1190 1192 1268 1658 1
1190 1192 1658 1580 1
1192 1270 1268 1658 1
1192 1660 1658 1582 1
1192 1270 1658 1660 1
1192 1658 1580 1582 1
1192 1194 1270 1660 1
1192 1194 1660 1582 1
1194 1272 1270 1660 1
1194 1662 1660 1584 1
1194 1272 1660 1662 1
1194 1660 1582 1584 1
1194 1196 1272 1662 1
1194 1196 1662 1584 1
1196 1274 1272 1662 1
1196 1664 1662 1586 1
1196 1274 1662 1664 1
1196 1662 1584 1586 1
1196 1198 1274 1664 1
1196 1198 1664 1586 1
1198 1276 1274 1664 1
1198 1666 1664 1588 1
1198 1276 1664 1666 1
1198 1664 1586 1588 1
1198 1200 1276 1666 1
1198 1200 1666 1588 1
1200 1278 1276 1666 1
1200 1668 1666 1590 1
1200 1278 1666 1668 1
1200 1666 1588 1590 1
1200 1202 1278 1668 1
1200 1202 1668 1590 1
1202 1280 1278 1668 1
1202 1670 1668 1592 1
1202 1280 1668 1670 1
1202 1668 1590 1592 1
1202 1204 1280 1670 1
1202 1204 1670 1592 1
1204 1282 1280 1670 1
1204 1672 1670 1594 1
1204 1282 1670 1672 1
1204 1670 1592 1594 1
1204 1206 1282 1672 1
1204 1206 1672 1594 1
1206 1284 1282 1672 1
1206 1674 1672 1596 1
1206 1284 1672 1674 1
1206 1672 1594 1596 1
1206 1208 1284 1674 1
1206 1208 1674 1596 1
1208 1286 1284 1674 1
1208 1676 1674 1598 1
1208 1286 1674 1676 1
1208 1674 1596 1598 1
1248 1250 1326 1716 0
1248 1250 1716 1638 0
1250 1328 1326 1716 0
1250 1718 1716 1640 0
1250 1328 1716 1718 0
1250 1716 1638 1640 0
1250 1252 1328 1718 0
1250 1252 1718 1640 0
1252 1330 1328 1718 0
1252 1720 1718 1642 0
1252 1330 1718 1720 0
1252 1718 1640 1642 0
1252 1254 1330 1720 0
1252 1254 1720 1642 0
1254 1332 1330 1720 0
1254 1722 1720 1644 0
1254 1332 1720 1722 0
1254 1720 1642 1644 0
1254 1256 1332 1722 0
1254 1256 1722 1644 0
1256 1334 1332 1722 0
1256 1724 1722 1646 0
1256 1334 1722 1724 0
1256 1722 1644 1646 0
1256 1258 1334 1724 0
1256 1258 1724 1646 0
1258 1336 1334 1724 0
1258 1726 1724 1648 0
1258 1336 1724 1726 0
1258 1724 1646 1648 0
1258 1260 1336 1726 0
1258 1260 1726 1648 0
1260 1338 1336 1726 0
1260 1728 1726 1650 0
1260 1338 1726 1728 0
1260 1726 1648 1650 0
1260 1262 1338 1728 0
1260 1262 1728 1650 0
1262 1340 1338 1728 0
1262 1730 1728 1652 0
1262 1340 1728 1730 0
1262 1728 1650 1652 0
1262 1264 1340 1730 0
1262 1264 1730 1652 0
1264 1342 1340 1730 0
1264 1732 1730 1654 0
1264 1342 1730 1732 0
1264 1730 1652 1654 0
1264 1266 1342 1732 0
1264 1266 1732 1654 0
1266 1344 1342 1732 0
1266 1734 1732 1656 0
1266 1344 1732 1734 0
1266 1732 1654 1656 0
1266 1268 1344 1734 0
1266 1268 1734 1656 0
1268 1346 1344 1734 0
1268 1736 1734 1658 0
1268 1346 1734 1736 0
1268 1734 1656 1658 0
1268 1270 1346 1736 0
1268 1270 1736 1658 0
1270 1348 1346 1736 0
1270 1738 1736 1660 0
1270 1348 1736 1738 0
1270 1736 1658 1660 0
1270 1272 1348 1738 0
1270 1272 1738 1660 0
1272 1350 1348 1738 0
1272 1740 1738 1662 0
1272 1350 1738 1740 0
1272 1738 1660 1662 0
1272 1274 1350 1740 0
1272 1274 1740 1662 0
1274 1352 1350 1740 0
1274 1742 1740 1664 0
1274 1352 1740 1742 0
1274 1740 1662 1664 0
1274 1276 1352 1742 0
1274 1276 1742 1664 0
1276 1354 1352 1742 0
1276 1744 1742 1666 0
1276 1354 1742 1744 0
1276 1742 1664 1666 0
1276 1278 1354 1744 0
1276 1278 1744 1666 0
1278 1356 1354 1744 0
1278 1746 1744 1668 0
1278 1356 1744 1746 0
1278 1744 1666 1668 0
1278 1280 1356 1746 0
1278 1280 1746 1668 0
1280 1358 1356 1746 0
1280 1748 1746 1670 0
1280 1358 1746 1748 0
1280 1746 1668 1670 0
1280 1282 1358 1748 0
1280 1282 1748 1670 0
1282 1360 1358 1748 0
1282 1750 1748 1672 0
1282 1360 1748 1750 0
1282 1748 1670 1672 0
1282 1284 1360 1750 0
1282 1284 1750 1672 0
1284 1362 1360 1750 0
1284 1752 1750 1674 0
1284 1362 1750 1752 0
1284 1750 1672 1674 0
1284 1286 1362 1752 0
1284 1286 1752 1674 0
1286 1364 1362 1752 0
1286 1754 1752 1676 0
1286 1364 1752 1754 0
1286 1752 1674 1676 0
1560 1562 1638 2028 1
1560 1562 2028 1950 1
1562 1640 1638 2028 1
1562 2030 2028 1952 1
1562 1640 2028 2030 1
1562 2028 1950 1952 1
1562 1564 1640 2030 1
1562 1564 2030 1952 1
1564 1642 1640 2030 1
1564 2032 2030 1954 1
1564 1642 2030 2032 1
1564 2030 1952 1954 1
1564 1566 1642 2032 1
1564 1566 2032 1954 1
1566 1644 1642 2032 1
1566 2034 2032 1956 1
1566 1644 2032 2034 1
1566 2032 1954 1956 1
1566 1568 1644 2034 1
1566 1568 2034 1956 1
1568 1646 1644 2034 1
1568 2036 2034 1958 1
1568 1646 2034 2036 1
1568 2034 1956 1958 1
1568 1570 1646 2036 1
1568 1570 2036 1958 1
1570 1648 1646 2036 1
1570 2038 2036 1960 1
1570 1648 2036 2038 1
1570 2036 1958 1960 1
1570 1572 1648 2038 1
1570 1572 2038 1960 1
1572 1650 1648 2038 1
1572 2040 2038 1962 1
1572 1650 2038 2040 1
1572 2038 1960 1962 1
1572 1574 1650 2040 1
1572 1574 2040 1962 1
1574 1652 1650 2040 1
1574 2042 2040 1964 1
1574 1652 2040 2042 1
1574 2040 1962 1964 1
1574 1576 1652 2042 1
1574 1576 2042 1964 1
1576 1654 1652 2042 1
1576 2044 2042 1966 1
1576 1654 2042 2044 1
1576 2042 1964 1966 1
1576 1578 1654 2044 1
1576 1578 2044 1966 1
1578 1656 1654 2044 1
1578 2046 2044 1968 1
1578 1656 2044 2046 1
1578 2044 1966 1968 1
1578 1580 1656 2046 1
1578 1580 2046 1968 1
1580 1658 1656 2046 1
1580 2048 2046 1970 1
1580 1658 2046 2048 1
1580 2046 1968 1970 1
1580 1582 1658 2048 1
1580 1582 2048 1970 1
1582 1660 1658 2048 1
1582 2050 2048 1972 1
1582 1660 2048 2050 1
1582 2048 1970 1972 1
1582 1584 1660 2050 1
1582 1584 2050 1972 1
1584 1662 1660 2050 1
1584 2052 2050 1974 1
1584 1662 2050 2052 1
1584 2050 1972 1974 1
1584 1586 1662 2052 1
1584 1586 2052 1974 1
1586 1664 1662 2052 1
1586 2054 2052 1976 1
1586 1664 2052 2054 1
1586 2052 1974 1976 1
1586 1588 1664 2054 1
1586 1588 2054 1976 1
1588 1666 1664 2054 1
1588 2056 2054 1978 1
1588 1666 2054 2056 1
1588 2054 1976 1978 1
1588 1590 1666 2056 1
1588 1590 2056 1978 1
1590 1668 1666 2056 1
1590 2058 2056 1980 1
1590 1668 2056 2058 1
1590 2056 1978 1980 1
1590 1592 1668 2058 1
1590 1592 2058 1980 1
1592 1670 1668 2058 1
1592 2060 2058 1982 1
1592 1670 2058 2060 1
1592 2058 1980 1982 1
1592 1594 1670 2060 1
1592 1594 2060 1982 1
1594 1672 1670 2060 1
1594 2062 2060 1984 1
1594 1672 2060 2062 1
1594 2060 1982 1984 1
1594 1596 1672 2062 1
1594 1596 2062 1984 1
1596 1674 1672 2062 1
1596 2064 2062 1986 1
1596 1674 2062 2064 1
1596 2062 1984 1986 1
1596 1598 1674 2064 1
1596 1598 2064 1986 1
1598 1676 1674 2064 1
1598 2066 2064 1988 1
1598 1676 2064 2066 1
1598 2064 1986 1988 1
1638 1640 1716 2106 0
1638 1640 2106 2028 0
1640 1718 1716 2106 0
1640 2108 2106 2030 0
1640 1718 2106 2108 0
1640 2106 2028 2030 0
1640 1642 1718 2108 0
1640 1642 2108 2030 0
1642 1720 1718 2108 0
1642 2110 2108 2032 0
1642 1720 2108 2110 0
1642 2108 2030 2032 0
1642 1644 1720 2110 0
1642 1644 2110 2032 0
1644 1722 1720 2110 0
1644 2112 2110 2034 0
1644 1722 2110 2112 0
1644 2110 2032 2034 0
1644 1646 1722 2112 0
1644 1646 2112 2034 0
1646 1724 1722 2112 0
1646 2114 2112 2036 0
1646 1724 2112 2114 0
1646 2112 2034 2036 0
1646 1648 1724 2114 0
1646 1648 2114 2036 0
1648 1726 1724 2114 0
1648 2116 2114 2038 0
1648 1726 2114 2116 0
1648 2114 2036 2038 0
1648 1650 1726 2116 0
1648 1650 2116 2038 0
1650 1728 1726 2116 0
1650 2118 2116 2040 0
1650 1728 2116 2118 0
1650 2116 2038 2040 0
1650 1652 1728 2118 0
1650 1652 2118 2040 0
1652 1730 1728 2118 0
1652 2120 2118 2042 0
1652 1730 2118 2120 0
1652 2118 2040 2042 0
1652 1654 1730 2120 0
1652 1654 2120 2042 0
1654 1732 1730 2120 0
1654 2122 2120 2044 0
1654 1732 2120 2122 0
1654 2120 2042 2044 0
1654 1656 1732 2122 0
1654 1656 2122 2044 0
1656 1734 1732 2122 0
1656 2124 2122 2046 0
1656 1734 2122 2124 0
1656 2122 2044 2046 0
1656 1658 1734 2124 0
1656 1658 2124 2046 0
1658 1736 1734 2124 0
1658 2126 2124 2048 0
1658 1736 2124 2126 0
1658 2124 2046 2048 0
1658 1660 1736 2126 0
1658 1660 2126 2048 0
1660 1738 1736 2126 0
1660 2128 2126 2050 0
1660 1738 2126 2128 0
1660 2126 2048 2050 0
1660 1662 1738 2128 0
1660 1662 2128 2050 0
1662 1740 1738 2128 0
1662 2130 2128 2052 0
1662 1740 2128 2130 0
1662 2128 2050 2052 0
1662 1664 1740 2130 0
1662 1664 2130 2052 0
1664 1742 1740 2130 0
1664 2132 2130 2054 0
1664 1742 2130 2132 0
1664 2130 2052 2054 0
1664 1666 1742 2132 0
1664 1666 2132 2054 0
1666 1744 1742 2132 0
1666 2134 2132 2056 0
1666 1744 2132 2134 0
1666 2132 2054 2056 0
1666 1668 1744 2134 0
1666 1668 2134 2056 0
1668 1746 1744 2134 0
1668 2136 2134 2058 0
1668 1746 2134 2136 0
1668 2134 2056 2058 0
1668 1670 1746 2136 0
1668 1670 2136 2058 0
1670 1748 1746 2136 0
1670 2138 2136 2060 0
1670 1748 2136 2138 0
1670 2136 2058 2060 0
1670 1672 1748 2138 0
1670 1672 2138 2060 0
1672 1750 1748 2138 0
1672 2140 2138 2062 0
1672 1750 2138 2140 0
1672 2138 2060 2062 0
1672 1674 1750 2140 0
1672 1674 2140 2062 0
1674 1752 1750 2140 0
1674 2142 2140 2064 0
1674 1752 2140 2142 0
1674 2140 2062 2064 0
1674 1676 1752 2142 0
1674 1676 2142 2064 0
1676 1754 1752 2142 0
1676 2144 2142 2066 0
1676 1754 2142 2144 0
1676 2142 2064 2066 0
1950 1952 2028 2418 1
1950 1952 2418 2340 1
1952 2030 2028 2418 1
1952 2420 2418 2342 1
1952 2030 2418 2420 1
1952 2418 2340 2342 1
1952 1954 2030 2420 1
1952 1954 2420 2342 1
1954 2032 2030 2420 1
1954 2422 2420 2344 1
1954 2032 2420 2422 1
1954 2420 2342 2344 1
1954 1956 2032 2422 1
1954 1956 2422 2344 1
1956 2034 2032 2422 1
1956 2424 2422 2346 1
1956 2034 2422 2424 1
1956 2422 2344 2346 1
1956 1958 2034 2424 1
1956 1958 2424 2346 1
1958 2036 2034 2424 1
1958 2426 2424 2348 1
1958 2036 2424 2426 1
1958 2424 2346 2348 1
1958 1960 2036 2426 1
1958 1960 2426 2348 1
1960 2038 2036 2426 1
1960 2428 2426 2350 1
1960 2038 2426 2428 1
1960 2426 2348 2350 1
1960 1962 2038 2428 1
1960 1962 2428 2350 1
1962 2040 2038 2428 1
1962 2430 2428 2352 1
1962 2040 2428 2430 1
1962 2428 2350 2352 1
1962 1964 2040 2430 1
1962 1964 2430 2352 1
1964 2042 2040 2430 1
1964 2432 2430 2354 1
1964 2042 2430 2432 1
1964 2430 2352 2354 1
1964 1966 2042 2432 1
1964 1966 2432 2354 1
1966 2044 2042 2432 1
1966 2434 2432 2356 1
1966 2044 2432 2434 1
1966 2432 2354 2356 1
1966 1968 2044 2434 1
1966 1968 2434 2356 1
1968 2046 2044 2434 1
1968 2436 2434 2358 1
1968 2046 2434 2436 1
1968 2434 2356 2358 1
1968 1970 2046 2436 1
1968 1970 2436 2358 1
1970 2048 2046 2436 1
1970 2438 2436 2360 1
1970 2048 2436 2438 1
1970 2436 2358 2360 1
1970 1972 2048 2438 1
1970 1972 2438 2360 1
1972 2050 2048 2438 1
1972 2440 2438 2362 1
1972 2050 2438 2440 1
1972 2438 2360 2362 1
1972 1974 2050 2440 1
1972 1974 2440 2362 1
1974 2052 2050 2440 1
1974 2442 2440 2364 1
1974 2052 2440 2442 1
1974 2440 2362 2364 1
1974 1976 2052 2442 1
1974 1976 2442 2364 1
1976 2054 2052 2442 1
1976 2444 2442 2366 1
1976 2054 2442 2444 1
1976 2442 2364 2366 1
1976 1978 2054 2444 1
1976 1978 2444 2366 1
1978 2056 2054 2444 1
1978 2446 2444 2368 1
1978 2056 2444 2446 1
1978 2444 2366 2368 1
1978 1980 2056 2446 1
1978 1980 2446 2368 1
1980 2058 2056 2446 1
1980 2448 2446 2370 1
1980 2058 2446 2448 1
1980 2446 2368 2370 1
1980 1982 2058 2448 1
1980 1982 2448 2370 1
1982 2060 2058 2448 1
1982 2450 2448 2372 1
1982 2060 2448 2450 1
1982 2448 2370 2372 1
1982 1984 2060 2450 1
1982 1984 2450 2372 1
1984 2062 2060 2450 1
1984 2452 2450 2374 1
1984 2062 2450 2452 1
1984 2450 2372 2374 1
1984 1986 2062 2452 1
1984 1986 2452 2374 1
1986 2064 2062 2452 1
1986 2454 2452 2376 1
1986 2064 2452 2454 1
1986 2452 2374 2376 1
1986 1988 2064 2454 1
1986 1988 2454 2376 1
1988 2066 2064 2454 1
1988 2456 2454 2378 1
1988 2066 2454 2456 1
1988 2454 2376 2378 1
2028 2030 2106 2496 0
2028 2030 2496 2418 0
2030 2108 2106 2496 0
2030 2498 2496 2420 0
2030 2108 2496 2498 0
2030 2496 2418 2420 0
2030 2032 2108 2498 0
2030 2032 2498 2420 0
2032 2110 2108 2498 0
2032 2500 2498 2422 0
2032 2110 2498 2500 0
2032 2498 2420 2422 0
2032 2034 2110 2500 0
2032 2034 2500 2422 0
2034 2112 2110 2500 0
2034 2502 2500 2424 0
2034 2112 2500 2502 0
2034 2500 2422 2424 0
2034 2036 2112 2502 0
2034 2036 2502 2424 0
2036 2114 2112 2502 0
2036 2504 2502 2426 0
2036 2114 2502 2504 0
2036 2502 2424 2426 0
2036 2038 2114 2504 0
2036 2038 2504 2426 0
2038 2116 2114 2504 0
2038 2506 2504 2428 0
2038 2116 2504 2506 0
2038 2504 2426 2428 0
2038 2040 2116 2506 0
2038 2040 2506 2428 0
2040 2118 2116 2506 0
2040 2508 2506 2430 0
2040 2118 2506 2508 0
2040 2506 2428 2430 0
2040 2042 2118 2508 0
2040 2042 2508 2430 0
2042 2120 2118 2508 0
2042 2510 2508 2432 0
2042 2120 2508 2510 0
2042 2508 2430 2432 0
2042 2044 2120 2510 0
2042 2044 2510 2432 0
2044 2122 2120 2510 0
2044 2512 2510 2434 0
2044 2122 2510 2512 0
2044 2510 2432 2434 0
2044 2046 2122 2512 0
2044 2046 2512 2434 0
2046 2124 2122 2512 0
2046 2514 2512 2436 0
2046 2124 2512 2514 0
2046 2512 2434 2436 0
2046 2048 2124 2514 0
2046 2048 2514 2436 0
2048 2126 2124 2514 0
2048 2516 2514 2438 0
2048 2126 2514 2516 0
2048 2514 2436 2438 0
2048 2050 2126 2516 0
2048 2050 2516 2438 0
2050 2128 2126 2516 0
2050 2518 2516 2440 0
2050 2128 2516 2518 0
2050 2516 2438 2440 0
2050 2052 2128 2518 0
2050 2052 2518 2440 0
2052 2130 2128 2518 0
2052 2520 2518 2442 0
2052 2130 2518 2520 0
2052 2518 2440 2442 0
2052 2054 2130 2520 0
2052 2054 2520 2442 0
2054 2132 2130 2520 0
2054 2522 2520 2444 0
2054 2132 2520 2522 0
2054 2520 2442 2444 0
2054 2056 2132 2522 0
2054 2056 2522 2444 0
2056 2134 2132 2522 0
2056 2524 2522 2446 0
2056 2134 2522 2524 0
2056 2522 2444 2446 0
2056 2058 2134 2524 0
2056 2058 2524 2446 0
2058 2136 2134 2524 0
2058 2526 2524 2448 0
2058 2136 2524 2526 0
2058 2524 2446 2448 0
2058 2060 2136 2526 0
2058 2060 2526 2448 0
2060 2138 2136 2526 0
2060 2528 2526 2450 0
2060 2138 2526 2528 0
2060 2526 2448 2450 0
2060 2062 2138 2528 0
2060 2062 2528 2450 0
2062 2140 2138 2528 0
2062 2530 2528 2452 0
2062 2140 2528 2530 0
2062 2528 2450 2452 0
2062 2064 2140 2530 0
2062 2064 2530 2452 0
2064 2142 2140 2530 0
2064 2532 2530 2454 0
2064 2142 2530 2532 0
2064 2530 2452 2454 0
2064 2066 2142 2532 0
2064 2066 2532 2454 0
2066 2144 2142 2532 0
2066 2534 2532 2456 0
2066 2144 2532 2534 0
2066 2532 2454 2456 0
2340 2342 2418 2808 1
2340 2342 2808 2730 1
2342 2420 2418 2808 1
2342 2810 2808 2732 1
2342 2420 2808 2810 1
2342 2808 2730 2732 1
2342 2344 2420 2810 1
2342 2344 2810 2732 1
2344 2422 2420 2810 1
2344 2812 2810 2734 1
2344 2422 2810 2812 1
2344 2810 2732 2734 1
2344 2346 2422 2812 1
2344 2346 2812 2734 1
2346 2424 2422 2812 1
2346 2814 2812 2736 1
2346 2424 2812 2814 1
2346 2812 2734 2736 1
2346 2348 2424 2814 1
2346 2348 2814 2736 1
2348 2426 2424 2814 1
2348 2816 2814 2738 1
2348 2426 2814 2816 1
2348 2814 2736 2738 1
2348 2350 2426 2816 1
2348 2350 2816 2738 1
2350 2428 2426 2816 1
2350 2818 2816 2740 1
2350 2428 2816 2818 1
2350 2816 2738 2740 1
2350 2352 2428 2818 1
2350 2352 2818 2740 1
2352 2430 2428 2818 1
2352 2820 2818 2742 1
2352 2430 2818 2820 1
2352 2818 2740 2742 1
2352 2354 2430 2820 1
2352 2354 2820 2742 1
2354 2432 2430 2820 1
2354 2822 2820 2744 1
2354 2432 2820 2822 1
2354 2820 2742 2744 1
2354 2356 2432 2822 1
2354 2356 2822 2744 1
2356 2434 2432 2822 1
2356 2824 2822 2746 1
2356 2434 2822 2824 1
2356 2822 2744 2746 1
2356 2358 2434 2824 1
2356 2358 2824 2746 1
2358 2436 2434 2824 1
2358 2826 2824 2748 1
2358 2436 2824 2826 1
2358 2824 2746 2748 1
2358 2360 2436 2826 1
2358 2360 2826 2748 1
2360 2438 2436 2826 1
2360 2828 2826 2750 1
2360 2438 2826 2828 1
2360 2826 2748 2750 1
2360 2362 2438 2828 1
2360 2362 2828 2750 1
2362 2440 2438 2828 1
2362 2830 2828 2752 1
2362 2440 2828 2830 1
2362 2828 2750 2752 1
2362 2364 2440 2830 1
2362 2364 2830 2752 1
2364 2442 2440 2830 1
2364 2832 2830 2754 1
2364 2442 2830 2832 1
2364 2830 2752 2754 1
2364 2366 2442 2832 1
2364 2366 2832 2754 1
2366 2444 2442 2832 1
2366 2834 2832 2756 1
2366 2444 2832 2834 1
2366 2832 2754 2756 1
2366 2368 2444 2834 1
2366 2368 2834 2756 1
2368 2446 2444 2834 1
2368 2836 2834 2758 1
2368 2446 2834 2836 1
2368 2834 2756 2758 1
2368 2370 2446 2836 1
2368 2370 2836 2758 1
2370 2448 2446 2836 1
2370 2838 2836 2760 1
2370 2448 2836 2838 1
2370 2836 2758 2760 1
2370 2372 2448 2838 1
2370 2372 2838 2760 1
2372 2450 2448 2838 1
2372 2840 2838 2762 1
2372 2450 2838 2840 1
2372 2838 2760 2762 1
2372 2374 2450 2840 1
2372 2374 2840 2762 1
2374 2452 2450 2840 1
2374 2842 2840 2764 1
2374 2452 2840 2842 1
2374 2840 2762 2764 1
2374 2376 2452 2842 1
2374 2376 2842 2764 1
2376 2454 2452 2842 1
2376 2844 2842 2766 1
2376 2454 2842 2844 1
2376 2842 2764 2766 1
2376 2378 2454 2844 1
2376 2378 2844 2766 1
2378 2456 2454 2844 1
2378 2846 2844 2768 1
2378 2456 2844 2846 1
2378 2844 2766 2768 1
2418 2420 2496 2886 0
2418 2420 2886 2808 0
2420 2498 2496 2886 0
2420 2888 2886 2810 0
2420 2498 2886 2888 0
2420 2886 2808 2810 0
2420 2422 2498 2888 0
2420 2422 2888 2810 0
2422 2500 2498 2888 0
2422 2890 2888 2812 0
2422 2500 2888 2890 0
2422 2888 2810 2812 0
2422 2424 2500 2890 0
2422 2424 2890 2812 0
2424 2502 2500 2890 0
2424 2892 2890 2814 0
2424 2502 2890 2892 0
2424 2890 2812 2814 0
2424 2426 2502 2892 0
2424 2426 2892 2814 0
2426 2504 2502 2892 0
2426 2894 2892 2816 0
2426 2504 2892 2894 0
2426 2892 2814 2816 0
2426 2428 2504 2894 0
2426 2428 2894 2816 0
2428 2506 2504 2894 0
2428 2896 2894 2818 0
2428 2506 2894 2896 0
2428 2894 2816 2818 0
2428 2430 2506 2896 0
2428 2430 2896 2818 0
2430 2508 2506 2896 0
2430 2898 2896 2820 0
2430 2508 2896 2898 0
2430 2896 2818 2820 0
2430 2432 2508 2898 0
2430 2432 2898 2820 0
2432 2510 2508 2898 0
2432 2900 2898 2822 0
2432 2510 2898 2900 0
2432 2898 2820 2822 0
2432 2434 2510 2900 0
2432 2434 2900 2822 0
2434 2512 2510 2900 0
2434 2902 2900 2824 0
2434 2512 2900 2902 0
2434 2900 2822 2824 0
2434 2436 2512 2902 0
2434 2436 2902 2824 0
2436 2514 2512 2902 0
2436 2904 2902 2826 0
2436 2514 2902 2904 0
2436 2902 2824 2826 0
2436 2438 2514 2904 0
2436 2438 2904 2826 0
2438 2516 2514 2904 0
2438 2906 2904 2828 0
2438 2516 2904 2906 0
2438 2904 2826 2828 0
2438 2440 2516 2906 0
2438 2440 2906 2828 0
2440 2518 2516 2906 0
2440 2908 2906 2830 0
2440 2518 2906 2908 0
2440 2906 2828 2830 0
2440 2442 2518 2908 0
2440 2442 2908 2830 0
2442 2520 2518 2908 0
2442 2910 2908 2832 0
2442 2520 2908 2910 0
2442 2908 2830 2832 0
2442 2444 2520 2910 0
2442 2444 2910 2832 0
2444 2522 2520 2910 0
2444 2912 2910 2834 0
2444 2522 2910 2912 0
2444 2910 2832 2834 0
2444 2446 2522 2912 0
2444 2446 2912 2834 0
2446 2524 2522 2912 0
2446 2914 2912 2836 0
2446 2524 2912 2914 0
2446 2912 2834 2836 0
2446 2448 2524 2914 0
2446 2448 2914 2836 0
2448 2526 2524 2914 0
2448 2916 2914 2838 0
2448 2526 2914 2916 0
2448 2914 2836 2838 0
2448 2450 2526 2916 0
2448 2450 2916 2838 0
2450 2528 2526 2916 0
2450 2918 2916 2840 0
2450 2528 2916 2918 0
2450 2916 2838 2840 0
2450 2452 2528 2918 0
2450 2452 2918 2840 0
2452 2530 2528 2918 0
2452 2920 2918 2842 0
2452 2530 2918 2920 0
2452 2918 2840 2842 0
2452 2454 2530 2920 0
2452 2454 2920 2842 0
2454 2532 2530 2920 0
2454 2922 2920 2844 0
2454 2532 2920 2922 0
2454 2920 2842 2844 0
2454 2456 2532 2922 0
2454 2456 2922 2844 0
2456 2534 2532 2922 0
2456 2924 2922 2846 0
2456 2534 2922 2924 0
2456 2922 2844 2846 0
2730 2732 2808 3198 1
2730 2732 3198 3120 1
2732 2810 2808 3198 1
2732 3200 3198 3122 1
2732 2810 3198 3200 1
2732 3198 3120 3122 1
2732 2734 2810 3200 1
2732 2734 3200 3122 1
2734 2812 2810 3200 1
2734 3202 3200 3124 1
2734 2812 3200 3202 1
2734 3200 3122 3124 1
2734 2736 2812 3202 1
2734 2736 3202 3124 1
2736 2814 2812 3202 1
2736 3204 3202 3126 1
2736 2814 3202 3204 1
2736 3202 3124 3126 1
2736 2738 2814 3204 1
2736 2738 3204 3126 1
2738 2816 2814 3204 1
2738 3206 3204 3128 1
2738 2816 3204 3206 1
2738 3204 3126 3128 1
2738 2740 2816 3206 1
2738 2740 3206 3128 1
2740 2818 2816 3206 1
2740 3208 3206 3130 1
2740 2818 3206 3208 1
2740 3206 3128 3130 1
2740 2742 2818 3208 1
2740 2742 3208 3130 1
2742 2820 2818 3208 1
2742 3210 3208 3132 1
2742 2820 3208 3210 1
2742 3208 3130 3132 1
2742 2744 2820 3210 1
2742 2744 3210 3132 1
2744 2822 2820 3210 1
2744 3212 3210 3134 1
2744 2822 3210 3212 1
2744 3210 3132 3134 1
2744 2746 2822 3212 1
2744 2746 3212 3134 1
2746 2824 2822 3212 1
2746 3214 3212 3136 1
2746 2824 3212 3214 1
2746 3212 3134 3136 1
2746 2748 2824 3214 1
2746 2748 3214 3136 1
2748 2826 2824 3214 1
2748 3216 3214 3138 1
2748 2826 3214 3216 1
2748 3214 3136 3138 1
2748 2750 2826 3216 1
2748 2750 3216 3138 1
2750 2828 2826 3216 1
2750 3218 3216 3140 1
2750 2828 3216 3218 1
2750 3216 3138 3140 1
2750 2752 2828 3218 1
2750 2752 3218 3140 1
2752 2830 2828 3218 1
2752 3220 3218 3142 1
2752 2830 3218 3220 1
2752 3218 3140 3142 1
2752 2754 2830 3220 1
2752 2754 3220 3142 1
2754 2832 2830 3220 1
2754 3222 3220 3144 1
2754 2832 3220 3222 1
2754 3220 3142 3144 1
2754 2756 2832 3222 1
2754 2756 3222 3144 1
2756 2834 2832 3222 1
2756 3224 3222 3146 1
2756 2834 3222 3224 1
2756 3222 3144 3146 1
2756 2758 2834 3224 1
2756 2758 3224 3146 1
2758 2836 2834 3224 1
2758 3226 3224 3148 1
2758 2836 3224 3226 1
2758 3224 3146 3148 1
2758 2760 2836 3226 1
2758 2760 3226 3148 1
2760 2838 2836 3226 1
2760 3228 3226 3150 1
2760 2838 3226 3228 1
2760 3226 3148 3150 1
2760 2762 2838 3228 1
2760 2762 3228 3150 1
2762 2840 2838 3228 1
2762 3230 3228 3152 1
2762 2840 3228 3230 1
2762 3228 3150 3152 1
2762 2764 2840 3230 1
2762 2764 3230 3152 1
2764 2842 2840 3230 1
2764 3232 3230 3154 1
2764 2842 3230 3232 1
2764 3230 3152 3154 1
2764 2766 2842 3232 1
2764 2766 3232 3154 1
2766 2844 2842 3232 1
2766 3234 3232 3156 1
2766 2844 3232 3234 1
2766 3232 3154 3156 1
2766 2768 2844 3234 1
2766 2768 3234 3156 1
2768 2846 2844 3234 1
2768 3236 3234 3158 1
2768 2846 3234 3236 1
2768 3234 3156 3158 1
2808 2810 2886 3276 0
2808 2810 3276 3198 0
2810 2888 2886 3276 0
2810 3278 3276 3200 0
2810 2888 3276 3278 0
2810 3276 3198 3200 0
2810 2812 2888 3278 0
2810 2812 3278 3200 0
2812 2890 2888 3278 0
2812 3280 3278 3202 0
2812 2890 3278 3280 0
2812 3278 3200 3202 0
2812 2814 2890 3280 0
2812 2814 3280 3202 0
2814 2892 2890 3280 0
2814 3282 3280 3204 0
2814 2892 3280 3282 0
2814 3280 3202 3204 0
2814 2816 2892 3282 0
2814 2816 3282 3204 0
2816 2894 2892 3282 0
2816 3284 3282 3206 0
2816 2894 3282 3284 0
2816 3282 3204 3206 0
2816 2818 2894 3284 0
2816 2818 3284 3206 0
2818 2896 2894 3284 0
2818 3286 3284 3208 0
2818 2896 3284 3286 0
2818 3284 3206 3208 0
2818 2820 2896 3286 0
2818 2820 3286 3208 0
2820 2898 2896 3286 0
2820 3288 3286 3210 0
2820 2898 3286 3288 0
2820 3286 3208 3210 0
2820 2822 2898 3288 0
2820 2822 3288 3210 0
2822 2900 2898 3288 0
2822 3290 3288 3212 0
2822 2900 3288 3290 0
2822 3288 3210 3212 0
2822 2824 2900 3290 0
2822 2824 3290 3212 0
2824 2902 2900 3290 0
2824 3292 3290 3214 0
2824 2902 3290 3292 0
2824 3290 3212 3214 0
2824 2826 2902 3292 0
2824 2826 3292 3214 0
2826 2904 2902 3292 0
2826 3294 3292 3216 0
2826 2904 3292 3294 0
2826 3292 3214 3216 0
2826 2828 2904 3294 0
2826 2828 3294 3216 0
2828 2906 2904 3294 0
2828 3296 3294 3218 0
2828 2906 3294 3296 0
2828 3294 3216 3218 0
2828 2830 2906 3296 0
2828 2830 3296 3218 0
2830 2908 2906 3296 0
2830 3298 3296 3220 0
2830 2908 3296 3298 0
2830 3296 3218 3220 0
2830 2832 2908 3298 0
2830 2832 3298 3220 0
2832 2910 2908 3298 0
2832 3300 3298 3222 0
2832 2910 3298 3300 0
2832 3298 3220 3222 0
2832 2834 2910 3300 0
2832 2834 3300 3222 0
2834 2912 2910 3300 0
2834 3302 3300 3224 0
2834 2912 3300 3302 0
2834 3300 3222 3224 0
2834 2836 2912 3302 0
2834 2836 3302 3224 0
2836 2914 2912 3302 0
2836 3304 3302 3226 0
2836 2914 3302 3304 0
2836 3302 3224 3226 0
2836 2838 2914 3304 0
2836 2838 3304 3226 0
2838 2916 2914 3304 0
2838 3306 3304 3228 0
2838 2916 3304 3306 0
2838 3304 3226 3228 0
2838 2840 2916 3306 0
2838 2840 3306 3228 0
2840 2918 2916 3306 0
2840 3308 3306 3230 0
2840 2918 3306 3308 0
2840 3306 3228 3230 0
2840 2842 2918 3308 0
2840 2842 3308 3230 0
2842 2920 2918 3308 0
2842 3310 3308 3232 0
2842 2920 3308 3310 0
2842 3308 3230 3232 0
2842 2844 2920 3310 0
2842 2844 3310 3232 0
2844 2922 2920 3310 0
2844 3312 3310 3234 0
2844 2922 3310 3312 0
2844 3310 3232 3234 0
2844 2846 2922 3312 0
2844 2846 3312 3234 0
2846 2924 2922 3312 0
2846 3314 3312 3236 0
2846 2924 3312 3314 0
2846 3312 3234 3236 0
3120 3122 3198 3588 1
3120 3122 3588 3510 1
3122 3200 3198 3588 1
3122 3590 3588 3512 1
3122 3200 3588 3590 1
3122 3588 3510 3512 1
3122 3124 3200 3590 1
3122 3124 3590 3512 1
3124 3202 3200 3590 1
3124 3592 3590 3514 1
3124 3202 3590 3592 1
3124 3590 3512 3514 1
3124 3126 3202 3592 1
3124 3126 3592 3514 1
3126 3204 3202 3592 1
3126 3594 3592 3516 1
3126 3204 3592 3594 1
3126 3592 3514 3516 1
3126 3128 3204 3594 1
3126 3128 3594 3516 1
3128 3206 3204 3594 1
3128 3596 3594 3518 1
3128 3206 3594 3596 1
3128 3594 3516 3518 1
3128 3130 3206 3596 1
3128 3130 3596 3518 1
3130 3208 3206 3596 1
3130 3598 3596 3520 1
3130 3208 3596 3598 1
3130 3596 3518 3520 1
3130 3132 3208 3598 1
3130 3132 3598 3520 1
3132 3210 3208 3598 1
3132 3600 3598 3522 1
3132 3210 3598 3600 1
3132 3598 3520 3522 1
3132 3134 3210 3600 1
3132 3134 3600 3522 1
3134 3212 3210 3600 1
3134 3602 3600 3524 1
3134 3212 3600 3602 1
3134 3600 3522 3524 1
3134 3136 3212 3602 1
3134 3136 3602 3524 1
3136 3214 3212 3602 1
3136 3604 3602 3526 1
3136 3214 3602 3604 1
3136 3602 3524 3526 1
3136 3138 3214 3604 1
3136 3138 3604 3526 1
3138 3216 3214 3604 1
3138 3606 3604 3528 1
3138 3216 3604 3606 1
3138 3604 3526 3528 1
3138 3140 3216 3606 1
3138 3140 3606 3528 1
3140 3218 3216 3606 1
3140 3608 3606 3530 1
3140 3218 3606 3608 1
3140 3606 3528 3530 1
3140 3142 3218 3608 1
3140 3142 3608 3530 1
3142 3220 3218 3608 1
3142 3610 3608 3532 1
3142 3220 3608 3610 1
3142 3608 3530 3532 1
3142 3144 3220 3610 1
3142 3144 3610 3532 1
3144 3222 3220 3610 1
3144 3612 3610 3534 1
3144 3222 3610 3612 1
3144 3610 3532 3534 1
3144 3146 3222 3612 1
3144 3146 3612 3534 1
3146 3224 3222 3612 1
3146 3614 3612 3536 1
3146 3224 3612 3614 1
3146 3612 3534 3536 1
3146 3148 3224 3614 1
3146 3148 3614 3536 1
3148 3226 3224 3614 1
3148 3616 3614 3538 1
3148 3226 3614 3616 1
3148 3614 3536 3538 1
3148 3150 3226 3616 1
3148 3150 3616 3538 1
3150 3228 3226 3616 1
3150 3618 3616 3540 1
3150 3228 3616 3618 1
3150 3616 3538 3540 1
3150 3152 3228 3618 1
3150 3152 3618 3540 1
3152 3230 3228 3618 1
3152 3620 3618 3542 1
3152 3230 3618 3620 1
3152 3618 3540 3542 1
3152 3154 3230 3620 1
3152 3154 3620 3542 1
3154 3232 3230 3620 1
3154 3622 3620 3544 1
3154 3232 3620 3622 1
3154 3620 3542 3544 1
3154 3156 3232 3622 1
3154 3156 3622 3544 1
3156 3234 3232 3622 1
3156 3624 3622 3546 1
3156 3234 3622 3624 1
3156 3622 3544 3546 1
3156 3158 3234 3624 1
3156 3158 3624 3546 1
3158 3236 3234 3624 1
3158 3626 3624 3548 1
3158 3236 3624 3626 1
3158 3624 3546 3548 1
3198 3200 3276 3666 0
3198 3200 3666 3588 0
3200 3278 3276 3666 0
3200 3668 3666 3590 0
3200 3278 3666 3668 0
3200 3666 3588 3590 0
3200 3202 3278 3668 0
3200 3202 3668 3590 0
3202 3280 3278 3668 0
3202 3670 3668 3592 0
3202 3280 3668 3670 0
3202 3668 3590 3592 0
3202 3204 3280 3670 0
3202 3204 3670 3592 0
3204 3282 3280 3670 0
3204 3672 3670 3594 0
3204 3282 3670 3672 0
3204 3670 3592 3594 0
3204 3206 3282 3672 0
3204 3206 3672 3594 0
3206 3284 3282 3672 0
3206 3674 3672 3596 0
3206 3284 3672 3674 0
3206 3672 3594 3596 0
3206 3208 3284 3674 0
3206 3208 3674 3596 0
3208 3286 3284 3674 0
3208 3676 3674 3598 0
3208 3286 3674 3676 0
3208 3674 3596 3598 0
3208 3210 3286 3676 0
3208 3210 3676 3598 0
3210 3288 3286 3676 0
3210 3678 3676 3600 0
3210 3288 3676 3678 0
3210 3676 3598 3600 0
3210 3212 3288 3678 0
3210 3212 3678 3600 0
3212 3290 3288 3678 0
3212 3680 3678 3602 0
3212 3290 3678 3680 0
3212 3678 3600 3602 0
3212 3214 3290 3680 0
3212 3214 3680 3602 0
3214 3292 3290 3680 0
3214 3682 3680 3604 0
3214 3292 3680 3682 0
3214 3680 3602 3604 0
3214 3216 3292 3682 0
3214 3216 3682 3604 0
3216 3294 3292 3682 0
3216 3684 3682 3606 0
3216 3294 3682 3684 0
3216 3682 3604 3606 0
3216 3218 3294 3684 0
3216 3218 3684 3606 0
3218 3296 3294 3684 0
3218 3686 3684 3608 0
3218 3296 3684 3686 0
3218 3684 3606 3608 0
3218 3220 3296 3686 0
3218 3220 3686 3608 0
3220 3298 3296 3686 0
3220 3688 3686 3610 0
3220 3298 3686 3688 0
3220 3686 3608 3610 0
3220 3222 3298 3688 0
3220 3222 3688 3610 0
3222 3300 3298 3688 0
3222 3690 3688 3612 0
3222 3300 3688 3690 0
3222 3688 3610 3612 0
3222 3224 3300 3690 0
3222 3224 3690 3612 0
3224 3302 3300 3690 0
3224 3692 3690 3614 0
3224 3302 3690 3692 0
3224 3690 3612 3614 0
3224 3226 3302 3692 0
3224 3226 3692 3614 0
3226 3304 3302 3692 0
3226 3694 3692 3616 0
3226 3304 3692 3694 0
3226 3692 3614 3616 0
3226 3228 3304 3694 0
3226 3228 3694 3616 0
3228 3306 3304 3694 0
3228 3696 3694 3618 0
3228 3306 3694 3696 0
3228 3694 3616 3618 0
3228 3230 3306 3696 0
3228 3230 3696 3618 0
3230 3308 3306 3696 0
3230 3698 3696 3620 0
3230 3308 3696 3698 0
3230 3696 3618 3620 0
3230 3232 3308 3698 0
3230 3232 3698 3620 0
3232 3310 3308 3698 0
3232 3700 3698 3622 0
3232 3310 3698 3700 0
3232 3698 3620 3622 0
3232 3234 3310 3700 0
3232 3234 3700 3622 0
3234 3312 3310 3700 0
3234 3702 3700 3624 0
3234 3312 3700 3702 0
3234 3700 3622 3624 0
3234 3236 3312 3702 0
3234 3236 3702 3624 0
3236 3314 3312 3702 0
3236 3704 3702 3626 0
3236 3314 3702 3704 0
3236 3702 3624 3626 0
3510 3512 3588 3978 1
3510 3512 3978 3900 1
3512 3590 3588 3978 1
3512 3980 3978 3902 1
3512 3590 3978 3980 1
3512 3978 3900 3902 1
3512 3514 3590 3980 1
3512 3514 3980 3902 1
3514 3592 3590 3980 1
3514 3982 3980 3904 1
3514 3592 3980 3982 1
3514 3980 3902 3904 1
3514 3516 3592 3982 1
3514 3516 3982 3904 1
3516 3594 3592 3982 1
3516 3984 3982 3906 1
3516 3594 3982 3984 1
3516 3982 3904 3906 1
3516 3518 3594 3984 1
3516 3518 3984 3906 1
3518 3596 3594 3984 1
3518 3986 3984 3908 1
3518 3596 3984 3986 1
3518 3984 3906 3908 1
3518 3520 3596 3986 1
3518 3520 3986 3908 1
3520 3598 3596 3986 1
3520 3988 3986 3910 1
3520 3598 3986 3988 1
3520 3986 3908 3910 1
3520 3522 3598 3988 1
3520 3522 3988 3910 1
3522 3600 3598 3988 1
3522 3990 3988 3912 1
3522 3600 3988 3990 1
3522 3988 3910 3912 1
3522 3524 3600 3990 1
3522 3524 3990 3912 1
3524 3602 3600 3990 1
3524 3992 3990 3914 1
3524 3602 3990 3992 1
3524 3990 3912 3914 1
3524 3526 3602 3992 1
3524 3526 3992 3914 1
3526 3604 3602 3992 1
3526 3994 3992 3916 1
3526 3604 3992 3994 1
3526 3992 3914 3916 1
3526 3528 3604 3994 1
3526 3528 3994 3916 1
3528 3606 3604 3994 1
3528 3996 3994 3918 1
3528 3606 3994 3996 1
3528 3994 3916 3918 1
3528 3530 3606 3996 1
3528 3530 3996 3918 1
3530 3608 3606 3996 1
3530 3998 3996 3920 1
3530 3608 3996 3998 1
3530 3996 3918 3920 1
3530 3532 3608 3998 1
3530 3532 3998 3920 1
3532 3610 3608 3998 1
3532 4000 3998 3922 1
3532 3610 3998 4000 1
3532 3998 3920 3922 1
3532 3534 3610 4000 1
3532 3534 4000 3922 1
3534 3612 3610 4000 1
3534 4002 4000 3924 1
3534 3612 4000 4002 1
3534 4000 3922 3924 1
3534 3536 3612 4002 1
3534 3536 4002 3924 1
3536 3614 3612 4002 1
3536 4004 4002 3926 1
3536 3614 4002 4004 1
3536 4002 3924 3926 1
3536 3538 3614 4004 1
3536 3538 4004 3926 1
3538 3616 3614 4004 1
3538 4006 4004 3928 1
3538 3616 4004 4006 1
3538 4004 3926 3928 1
3538 3540 3616 4006 1
3538 3540 4006 3928 1
3540 3618 3616 4006 1
3540 4008 4006 3930 1
3540 3618 4006 4008 1
3540 4006 3928 3930 1
3540 3542 3618 4008 1
3540 3542 4008 3930 1
3542 3620 3618 4008 1
3542 4010 4008 3932 1
3542 3620 4008 4010 1
3542 4008 3930 3932 1
3542 3544 3620 4010 1
3542 3544 4010 3932 1
3544 3622 3620 4010 1
3544 4012 4010 3934 1
3544 3622 4010 4012 1
3544 4010 3932 3934 1
3544 3546 3622 4012 1
3544 3546 4012 3934 1
3546 3624 3622 4012 1
3546 4014 4012 3936 1
3546 3624 4012 4014 1
3546 4012 3934 3936 1
3546 3548 3624 4014 1
3546 3548 4014 3936 1
3548 3626 3624 4014 1
3548 4016 4014 3938 1
3548 3626 4014 4016 1
3548 4014 3936 3938 1
3588 3590 3666 4056 0
3588 3590 4056 3978 0
3590 3668 3666 4056 0
3590 4058 4056 3980 0
3590 3668 4056 4058 0
3590 4056 3978 3980 0
3590 3592 3668 4058 0
3590 3592 4058 3980 0
3592 3670 3668 4058 0
3592 4060 4058 3982 0
3592 3670 4058 4060 0
3592 4058 3980 3982 0
3592 3594 3670 4060 0
3592 3594 4060 3982 0
3594 3672 3670 4060 0
3594 4062 4060 3984 0
3594 3672 4060 4062 0
3594 4060 3982 3984 0
3594 3596 3672 4062 0
3594 3596 4062 3984 0
3596 3674 3672 4062 0
3596 4064 4062 3986 0
3596 3674 4062 4064 0
3596 4062 3984 3986 0
3596 3598 3674 4064 0
3596 3598 4064 3986 0
3598 3676 3674 4064 0
3598 4066 4064 3988 0
3598 3676 4064 4066 0
3598 4064 3986 3988 0
3598 3600 3676 4066 0
3598 3600 4066 3988 0
3600 3678 3676 4066 0
3600 4068 4066 3990 0
3600 3678 4066 4068 0
3600 4066 3988 3990 0
3600 3602 3678 4068 0
3600 3602 4068 3990 0
3602 3680 3678 4068 0
3602 4070 4068 3992 0
3602 3680 4068 4070 0
3602 4068 3990 3992 0
3602 3604 3680 4070 0
3602 3604 4070 3992 0
3604 3682 3680 4070 0
3604 4072 4070 3994 0
3604 3682 4070 4072 0
3604 4070 3992 3994 0
3604 3606 3682 4072 0
3604 3606 4072 3994 0
3606 3684 3682 4072 0
3606 4074 4072 3996 0
3606 3684 4072 4074 0
3606 4072 3994 3996 0
3606 3608 3684 4074 0
3606 3608 4074 3996 0
3608 3686 3684 4074 0
3608 4076 4074 3998 0
3608 3686 4074 4076 0
3608 4074 3996 3998 0
3608 3610 3686 4076 0
3608 3610 4076 3998 0
3610 3688 3686 4076 0
3610 4078 4076 4000 0
3610 3688 4076 4078 0
3610 4076 3998 4000 0
3610 3612 3688 4078 0
3610 3612 4078 4000 0
3612 3690 3688 4078 0
3612 4080 4078 4002 0
3612 3690 4078 4080 0
3612 4078 4000 4002 0
3612 3614 3690 4080 0
3612 3614 4080 4002 0
3614 3692 3690 4080 0
3614 4082 4080 4004 0
3614 3692 4080 4082 0
3614 4080 4002 4004 0
3614 3616 3692 4082 0
3614 3616 4082 4004 0
3616 3694 3692 4082 0
3616 4084 4082 4006 0
3616 3694 4082 4084 0
3616 4082 4004 4006 0
3616 3618 3694 4084 0
3616 3618 4084 4006 0
3618 3696 3694 4084 0
3618 4086 4084 4008 0
3618 3696 4084 4086 0
3618 4084 4006 4008 0
3618 3620 3696 4086 0
3618 3620 4086 4008 0
3620 3698 3696 4086 0
3620 4088 4086 4010 0
3620 3698 4086 4088 0
3620 4086 4008 4010 0
3620 3622 3698 4088 0
3620 3622 4088 4010 0
3622 3700 3698 4088 0
3622 4090 4088 4012 0
3622 3700 4088 4090 0
3622 4088 4010 4012 0
3622 3624 3700 4090 0
3622 3624 4090 4012 0
3624 3702 3700 4090 0
3624 4092 4090 4014 0
3624 3702 4090 4092 0
3624 4090 4012 4014 0
3624 3626 3702 4092 0
3624 3626 4092 4014 0
3626 3704 3702 4092 0
3626 4094 4092 4016 0
3626 3704 4092 4094 0
3626 4092 4014 4016 0
3900 3902 3978 4368 1
3900 3902 4368 4290 1
3902 3980 3978 4368 1
3902 4370 4368 4292 1
3902 3980 4368 4370 1
3902 4368 4290 4292 1
3902 3904 3980 4370 1
3902 3904 4370 4292 1
3904 3982 3980 4370 1
3904 4372 4370 4294 1
3904 3982 4370 4372 1
3904 4370 4292 4294 1
3904 3906 3982 4372 1
3904 3906 4372 4294 1
3906 3984 3982 4372 1
3906 4374 4372 4296 1
3906 3984 4372 4374 1
3906 4372 4294 4296 1
3906 3908 3984 4374 1
3906 3908 4374 4296 1
3908 3986 3984 4374 1
3908 4376 4374 4298 1
3908 3986 4374 4376 1
3908 4374 4296 4298 1
3908 3910 3986 4376 1
3908 3910 4376 4298 1
3910 3988 3986 4376 1
3910 4378 4376 4300 1
3910 3988 4376 4378 1
3910 4376 4298 4300 1
3910 3912 3988 4378 1
3910 3912 4378 4300 1
3912 3990 3988 4378 1
3912 4380 4378 4302 1
3912 3990 4378 4380 1
3912 4378 4300 4302 1
3912 3914 3990 4380 1
3912 3914 4380 4302 1
3914 3992 3990 4380 1
3914 4382 4380 4304 1
3914 3992 4380 4382 1
3914 4380 4302 4304 1
3914 3916 3992 4382 1
3914 3916 4382 4304 1
3916 3994 3992 4382 1
3916 4384 4382 4306 1
3916 3994 4382 4384 1
3916 4382 4304 4306 1
3916 3918 3994 4384 1
3916 3918 4384 4306 1
3918 3996 3994 4384 1
3918 4386 4384 4308 1
3918 3996 4384 4386 1
3918 4384 4306 4308 1
3918 3920 3996 4386 1
3918 3920 4386 4308 1
3920 3998 3996 4386 1
3920 4388 4386 4310 1
3920 3998 4386 4388 1
3920 4386 4308 4310 1
3920 3922 3998 4388 1
3920 3922 4388 4310 1
3922 4000 3998 4388 1
3922 4390 4388 4312 1
3922 4000 4388 4390 1
3922 4388 4310 4312 1
3922 3924 4000 4390 1
3922 3924 4390 4312 1
3924 4002 4000 4390 1
3924 4392 4390 4314 1
3924 4002 4390 4392 1
3924 4390 4312 4314 1
3924 3926 4002 4392 1
3924 3926 4392 4314 1
3926 4004 4002 4392 1
3926 4394 4392 4316 1
3926 4004 4392 4394 1
3926 4392 4314 4316 1
3926 3928 4004 4394 1
3926 3928 4394 4316 1
3928 4006 4004 4394 1
3928 4396 4394 4318 1
3928 4006 4394 4396 1
3928 4394 4316 4318 1
3928 3930 4006 4396 1
3928 3930 4396 4318 1
3930 4008 4006 4396 1
3930 4398 4396 4320 1
3930 4008 4396 4398 1
3930 4396 4318 4320 1
3930 3932 4008 4398 1
3930 3932 4398 4320 1
3932 4010 4008 4398 1
3932 4400 4398 4322 1
3932 4010 4398 4400 1
3932 4398 4320 4322 1
3932 3934 4010 4400 1
3932 3934 4400 4322 1
3934 4012 4010 4400 1
3934 4402 4400 4324 1
3934 4012 4400 4402 1
3934 4400 4322 4324 1
3934 3936 4012 4402 1
3934 3936 4402 4324 1
3936 4014 4012 4402 1
3936 4404 4402 4326 1
3936 4014 4402 4404 1
3936 4402 4324 4326 1
3936 3938 4014 4404 1
3936 3938 4404 4326 1
3938 4016 4014 4404 1
3938 4406 4404 4328 1
3938 4016 4404 4406 1
3938 4404 4326 4328 1
3978 3980 4056 4446 0
3978 3980 4446 4368 0
3980 4058 4056 4446 0
3980 4448 4446 4370 0
3980 4058 4446 4448 0
3980 4446 4368 4370 0
3980 3982 4058 4448 0
3980 3982 4448 4370 0
3982 4060 4058 4448 0
3982 4450 4448 4372 0
3982 4060 4448 4450 0
3982 4448 4370 4372 0
3982 3984 4060 4450 0
3982 3984 4450 4372 0
3984 4062 4060 4450 0
3984 4452 4450 4374 0
3984 4062 4450 4452 0
3984 4450 4372 4374 0
3984 3986 4062 4452 0
3984 3986 4452 4374 0
3986 4064 4062 4452 0
3986 4454 4452 4376 0
3986 4064 4452 4454 0
3986 4452 4374 4376 0
3986 3988 4064 4454 0
3986 3988 4454 4376 0
3988 4066 4064 4454 0
3988 4456 4454 4378 0
3988 4066 4454 4456 0
3988 4454 4376 4378 0
3988 3990 4066 4456 0
3988 3990 4456 4378 0
3990 4068 4066 4456 0
3990 4458 4456 4380 0
3990 4068 4456 4458 0
3990 4456 4378 4380 0
3990 3992 4068 4458 0
3990 3992 4458 4380 0
3992 4070 4068 4458 0
3992 4460 4458 4382 0
3992 4070 4458 4460 0
3992 4458 4380 4382 0
3992 3994 4070 4460 0
3992 3994 4460 4382 0
3994 4072 4070 4460 0
3994 4462 4460 4384 0
3994 4072 4460 4462 0
3994 4460 4382 4384 0
3994 3996 4072 4462 0
3994 3996 4462 4384 0
3996 4074 4072 4462 0
3996 4464 4462 4386 0
3996 4074 4462 4464 0
3996 4462 4384 4386 0
3996 3998 4074 4464 0
3996 3998 4464 4386 0
3998 4076 4074 4464 0
3998 4466 4464 4388 0
3998 4076 4464 4466 0
3998 4464 4386 4388 0
3998 4000 4076 4466 0
3998 4000 4466 4388 0
4000 4078 4076 4466 0
4000 4468 4466 4390 0
4000 4078 4466 4468 0
4000 4466 4388 4390 0
4000 4002 4078 4468 0
4000 4002 4468 4390 0
4002 4080 4078 4468 0
4002 4470 4468 4392 0
4002 4080 4468 4470 0
4002 4468 4390 4392 0
4002 4004 4080 4470 0
4002 4004 4470 4392 0
4004 4082 4080 4470 0
4004 4472 4470 4394 0
4004 4082 4470 4472 0
4004 4470 4392 4394 0
4004 4006 4082 4472 0
4004 4006 4472 4394 0
4006 4084 4082 4472 0
4006 4474 4472 4396 0
4006 4084 4472 4474 0
4006 4472 4394 4396 0
4006 4008 4084 4474 0
4006 4008 4474 4396 0
4008 4086 4084 4474 0
4008 4476 4474 4398 0
4008 4086 4474 4476 0
4008 4474 4396 4398 0
4008 4010 4086 4476 0
4008 4010 4476 4398 0
4010 4088 4086 4476 0
4010 4478 4476 4400 0
4010 4088 4476 4478 0
4010 4476 4398 4400 0
4010 4012 4088 4478 0
4010 4012 4478 4400 0
4012 4090 4088 4478 0
4012 4480 4478 4402 0
4012 4090 4478 4480 0
4012 4478 4400 4402 0
4012 4014 4090 4480 0
4012 4014 4480 4402 0
4014 4092 4090 4480 0
4014 4482 4480 4404 0
4014 4092 4480 4482 0
4014 4480 4402 4404 0
4014 4016 4092 4482 0
4014 4016 4482 4404 0
4016 4094 4092 4482 0
4016 4484 4482 4406 0
4016 4094 4482 4484 0
4016 4482 4404 4406 0
4290 4292 4368 4758 1
4290 4292 4758 4680 1
4292 4370 4368 4758 1
4292 4760 4758 4682 1
4292 4370 4758 4760 1
4292 4758 4680 4682 1
4292 4294 4370 4760 1
4292 4294 4760 4682 1
4294 4372 4370 4760 1
4294 4762 4760 4684 1
4294 4372 4760 4762 1
4294 4760 4682 4684 1
4294 4296 4372 4762 1
4294 4296 4762 4684 1
4296 4374 4372 4762 1
4296 4764 4762 4686 1
4296 4374 4762 4764 1
4296 4762 4684 4686 1
4296 4298 4374 4764 1
4296 4298 4764 4686 1
4298 4376 4374 4764 1
4298 4766 4764 4688 1
4298 4376 4764 4766 1
4298 4764 4686 4688 1
4298 4300 4376 4766 1
4298 4300 4766 4688 1
4300 4378 4376 4766 1
4300 4768 4766 4690 1
4300 4378 4766 4768 1
4300 4766 4688 4690 1
4300 4302 4378 4768 1
4300 4302 4768 4690 1
4302 4380 4378 4768 1
4302 4770 4768 4692 1
4302 4380 4768 4770 1
4302 4768 4690 4692 1
4302 4304 4380 4770 1
4302 4304 4770 4692 1
4304 4382 4380 4770 1
4304 4772 4770 4694 1
4304 4382 4770 4772 1
4304 4770 4692 4694 1
4304 4306 4382 4772 1
4304 4306 4772 4694 1
4306 4384 4382 4772 1
4306 4774 4772 4696 1
4306 4384 4772 4774 1
4306 4772 4694 4696 1
4306 4308 4384 4774 1
4306 4308 4774 4696 1
4308 4386 4384 4774 1
4308 4776 4774 4698 1
4308 4386 4774 4776 1
4308 4774 4696 4698 1
4308 4310 4386 4776 1
4308 4310 4776 4698 1
4310 4388 4386 4776 1
4310 4778 4776 4700 1
4310 4388 4776 4778 1
4310 4776 4698 4700 1
4310 4312 4388 4778 1
4310 4312 4778 4700 1
4312 4390 4388 4778 1
4312 4780 4778 4702 1
4312 4390 4778 4780 1
4312 4778 4700 4702 1
4312 4314 4390 4780 1
4312 4314 4780 4702 1
4314 4392 4390 4780 1
4314 4782 4780 4704 1
4314 4392 4780 4782 1
4314 4780 4702 4704 1
4314 4316 4392 4782 1
4314 4316 4782 4704 1
4316 4394 4392 4782 1
4316 4784 4782 4706 1
4316 4394 4782 4784 1
4316 4782 4704 4706 1
4316 4318 4394 4784 1
4316 4318 4784 4706 1
4318 4396 4394 4784 1
4318 4786 4784 4708 1
4318 4396 4784 4786 1
4318 4784 4706 4708 1
4318 4320 4396 4786 1
4318 4320 4786 4708 1
4320 4398 4396 4786 1
4320 4788 4786 4710 1
4320 4398 4786 4788 1
4320 4786 4708 4710 1
4320 4322 4398 4788 1
4320 4322 4788 4710 1
4322 4400 4398 4788 1
4322 4790 4788 4712 1
4322 4400 4788 4790 1
4322 4788 4710 4712 1
4322 4324 4400 4790 1
4322 4324 4790 4712 1
4324 4402 4400 4790 1
4324 4792 4790 4714 1
4324 4402 4790 4792 1
4324 4790 4712 4714 1
4324 4326 4402 4792 1
4324 4326 4792 4714 1
4326 4404 4402 4792 1
4326 4794 4792 4716 1
4326 4404 4792 4794 1
4326 4792 4714 4716 1
4326 4328 4404 4794 1
4326 4328 4794 4716 1
4328 4406 4404 4794 1
4328 4796 4794 4718 1
4328 4406 4794 4796 1
4328 4794 4716 4718 1
4368 4370 4446 4836 0
4368 4370 4836 4758 0
4370 4448 4446 4836 0
4370 4838 4836 4760 0
4370 4448 4836 4838 0
4370 4836 4758 4760 0
4370 4372 4448 4838 0
4370 4372 4838 4760 0
4372 4450 4448 4838 0
4372 4840 4838 4762 0
4372 4450 4838 4840 0
4372 4838 4760 4762 0
4372 4374 4450 4840 0
4372 4374 4840 4762 0
4374 4452 4450 4840 0
4374 4842 4840 4764 0
4374 4452 4840 4842 0
4374 4840 4762 4764 0
4374 4376 4452 4842 0
4374 4376 4842 4764 0
4376 4454 4452 4842 0
4376 4844 4842 4766 0
4376 4454 4842 4844 0
4376 4842 4764 4766 0
4376 4378 4454 4844 0
4376 4378 4844 4766 0
4378 4456 4454 4844 0
4378 4846 4844 4768 0
4378 4456 4844 4846 0
4378 4844 4766 4768 0
4378 4380 4456 4846 0
4378 4380 4846 4768 0
4380 4458 4456 4846 0
4380 4848 4846 4770 0
4380 4458 4846 4848 0
4380 4846 4768 4770 0
4380 4382 4458 4848 0
4380 4382 4848 4770 0
4382 4460 4458 4848 0
4382 4850 4848 4772 0
4382 4460 4848 4850 0
4382 4848 4770 4772 0
4382 4384 4460 4850 0
4382 4384 4850 4772 0
4384 4462 4460 4850 0
4384 4852 4850 4774 0
4384 4462 4850 4852 0
4384 4850 4772 4774 0
4384 4386 4462 4852 0
4384 4386 4852 4774 0
4386 4464 4462 4852 0
4386 4854 4852 4776 0
4386 4464 4852 4854 0
4386 4852 4774 4776 0
4386 4388 4464 4854 0
4386 4388 4854 4776 0
4388 4466 4464 4854 0
4388 4856 4854 4778 0
4388 4466 4854 4856 0
4388 4854 4776 4778 0
4388 4390 4466 4856 0
4388 4390 4856 4778 0
4390 4468 4466 4856 0
4390 4858 4856 4780 0
4390 4468 4856 4858 0
4390 4856 4778 4780 0
4390 4392 4468 4858 0
4390 4392 4858 4780 0
4392 4470 4468 4858 0
4392 4860 4858 4782 0
4392 4470 4858 4860 0
4392 4858 4780 4782 0
4392 4394 4470 4860 0
4392 4394 4860 4782 0
4394 4472 4470 4860 0
4394 4862 4860 4784 0
4394 4472 4860 4862 0
4394 4860 4782 4784 0
4394 4396 4472 4862 0
4394 4396 4862 4784 0
4396 4474 4472 4862 0
4396 4864 4862 4786 0
4396 4474 4862 4864 0
4396 4862 4784 4786 0
4396 4398 4474 4864 0
4396 4398 4864 4786 0
4398 4476 4474 4864 0
4398 4866 4864 4788 0
4398 4476 4864 4866 0
4398 4864 4786 4788 0
4398 4400 4476 4866 0
4398 4400 4866 4788 0
4400 4478 4476 4866 0
4400 4868 4866 4790 0
4400 4478 4866 4868 0
4400 4866 4788 4790 0
4400 4402 4478 4868 0
4400 4402 4868 4790 0
4402 4480 4478 4868 0
4402 4870 4868 4792 0
4402 4480 4868 4870 0
4402 4868 4790 4792 0
4402 4404 4480 4870 0
4402 4404 4870 4792 0
4404 4482 4480 4870 0
4404 4872 4870 4794 0
4404 4482 4870 4872 0
4404 4870 4792 4794 0
4404 4406 4482 4872 0
4404 4406 4872 4794 0
4406 4484 4482 4872 0
4406 4874 4872 4796 0
4406 4484 4872 4874 0
4406 4872 4794 4796 0
4680 4682 4758 5148 1
4680 4682 5148 5070 1
4682 4760 4758 5148 1
4682 5150 5148 5072 1
4682 4760 5148 5150 1
4682 5148 5070 5072 1
4682 4684 4760 5150 1
4682 4684 5150 5072 1
4684 4762 4760 5150 1
4684 5152 5150 5074 1
4684 4762 5150 5152 1
4684 5150 5072 5074 1
4684 4686 4762 5152 1
4684 4686 5152 5074 1
4686 4764 4762 5152 1
4686 5154 5152 5076 1
4686 4764 5152 5154 1
4686 5152 5074 5076 1
4686 4688 4764 5154 1
4686 4688 5154 5076 1
4688 4766 4764 5154 1
4688 5156 5154 5078 1
4688 4766 5154 5156 1
4688 5154 5076 5078 1
4688 4690 4766 5156 1
4688 4690 5156 5078 1
4690 4768 4766 5156 1
4690 5158 5156 5080 1
4690 4768 5156 5158 1
4690 5156 5078 5080 1
4690 4692 4768 5158 1
4690 4692 5158 5080 1
4692 4770 4768 5158 1
4692 5160 5158 5082 1
4692 4770 5158 5160 1
4692 5158 5080 5082 1
4692 4694 4770 5160 1
4692 4694 5160 5082 1
4694 4772 4770 5160 1
4694 5162 5160 5084 1
4694 4772 5160 5162 1
4694 5160 5082 5084 1
4694 4696 4772 5162 1
4694 4696 5162 5084 1
4696 4774 4772 5162 1
4696 5164 5162 5086 1
4696 4774 5162 5164 1
4696 5162 5084 5086 1
4696 4698 4774 5164 1
4696 4698 5164 5086 1
4698 4776 4774 5164 1
4698 5166 5164 5088 1
4698 4776 5164 5166 1
4698 5164 5086 5088 1
4698 4700 4776 5166 1
4698 4700 5166 5088 1
4700 4778 4776 5166 1
4700 5168 5166 5090 1
4700 4778 5166 5168 1
4700 5166 5088 5090 1
4700 4702 4778 5168 1
4700 4702 5168 5090 1
4702 4780 4778 5168 1
4702 5170 5168 5092 1
4702 4780 5168 5170 1
4702 5168 5090 5092 1
4702 4704 4780 5170 1
4702 4704 5170 5092 1
4704 4782 4780 5170 1
4704 5172 5170 5094 1
4704 4782 5170 5172 1
4704 5170 5092 5094 1
4704 4706 4782 5172 1
4704 4706 5172 5094 1
4706 4784 4782 5172 1
4706 5174 5172 5096 1
4706 4784 5172 5174 1
4706 5172 5094 5096 1
4706 4708 4784 5174 1
4706 4708 5174 5096 1
4708 4786 4784 5174 1
4708 5176 5174 5098 1
4708 4786 5174 5176 1
4708 5174 5096 5098 1
4708 4710 4786 5176 1
4708 4710 5176 5098 1
4710 4788 4786 5176 1
4710 5178 5176 5100 1
4710 4788 5176 5178 1
4710 5176 5098 5100 1
4710 4712 4788 5178 1
4710 4712 5178 5100 1
4712 4790 4788 5178 1
4712 5180 5178 5102 1
4712 4790 5178 5180 1
4712 5178 5100 5102 1
4712 4714 4790 5180 1
4712 4714 5180 5102 1
4714 4792 4790 5180 1
4714 5182 5180 5104 1
4714 4792 5180 5182 1
4714 5180 5102 5104 1
4714 4716 4792 5182 1
4714 4716 5182 5104 1
4716 4794 4792 5182 1
4716 5184 5182 5106 1
4716 4794 5182 5184 1
4716 5182 5104 5106 1
4716 4718 4794 5184 1
4716 4718 5184 5106 1
4718 4796 4794 5184 1
4718 5186 5184 5108 1
4718 4796 5184 5186 1
4718 5184 5106 5108 1
4758 4760 4836 5226 0
4758 4760 5226 5148 0
4760 4838 4836 5226 0
4760 5228 5226 5150 0
4760 4838 5226 5228 0
4760 5226 5148 5150 0
4760 4762 4838 5228 0
4760 4762 5228 5150 0
4762 4840 4838 5228 0
4762 5230 5228 5152 0
4762 4840 5228 5230 0
4762 5228 5150 5152 0
4762 4764 4840 5230 0
4762 4764 5230 5152 0
4764 4842 4840 5230 0
4764 5232 5230 5154 0
4764 4842 5230 5232 0
4764 5230 5152 5154 0
4764 4766 4842 5232 0
4764 4766 5232 5154 0
4766 4844 4842 5232 0
4766 5234 5232 5156 0
4766 4844 5232 5234 0
4766 5232 5154 5156 0
4766 4768 4844 5234 0
4766 4768 5234 5156 0
4768 4846 4844 5234 0
4768 5236 5234 5158 0
4768 4846 5234 5236 0
4768 5234 5156 5158 0
4768 4770 4846 5236 0
4768 4770 5236 5158 0
4770 4848 4846 5236 0
4770 5238 5236 5160 0
4770 4848 5236 5238 0
4770 5236 5158 5160 0
4770 4772 4848 5238 0
4770 4772 5238 5160 0
4772 4850 4848 5238 0
4772 5240 5238 5162 0
4772 4850 5238 5240 0
4772 5238 5160 5162 0
4772 4774 4850 5240 0
4772 4774 5240 5162 0
4774 4852 4850 5240 0
4774 5242 5240 5164 0
4774 4852 5240 5242 0
4774 5240 5162 5164 0
4774 4776 4852 5242 0
4774 4776 5242 5164 0
4776 4854 4852 5242 0
4776 5244 5242 5166 0
4776 4854 5242 5244 0
4776 5242 5164 5166 0
4776 4778 4854 5244 0
4776 4778 5244 5166 0
4778 4856 4854 5244 0
4778 5246 5244 5168 0
4778 4856 5244 5246 0
4778 5244 5166 5168 0
4778 4780 4856 5246 0
4778 4780 5246 5168 0
4780 4858 4856 5246 0
4780 5248 5246 5170 0
4780 4858 5246 5248 0
4780 5246 5168 5170 0
4780 4782 4858 5248 0
4780 4782 5248 5170 0
4782 4860 4858 5248 0
4782 5250 5248 5172 0
4782 4860 5248 5250 0
4782 5248 5170 5172 0
4782 4784 4860 5250 0
4782 4784 5250 5172 0
4784 4862 4860 5250 0
4784 5252 5250 5174 0
4784 4862 5250 5252 0
4784 5250 5172 5174 0
4784 4786 4862 5252 0
4784 4786 5252 5174 0
4786 4864 4862 5252 0
4786 5254 5252 5176 0
4786 4864 5252 5254 0
4786 5252 5174 5176 0
4786 4788 4864 5254 0
4786 4788 5254 5176 0
4788 4866 4864 5254 0
4788 5256 5254 5178 0
4788 4866 5254 5256 0
4788 5254 5176 5178 0
4788 4790 4866 5256 0
4788 4790 5256 5178 0
4790 4868 4866 5256 0
4790 5258 5256 5180 0
4790 4868 5256 5258 0
4790 5256 5178 5180 0
4790 4792 4868 5258 0
4790 4792 5258 5180 0
4792 4870 4868 5258 0
4792 5260 5258 5182 0
4792 4870 5258 5260 0
4792 5258 5180 5182 0
4792 4794 4870 5260 0
4792 4794 5260 5182 0
4794 4872 4870 5260 0
4794 5262 5260 5184 0
4794 4872 5260 5262 0
4794 5260 5182 5184 0
4794 4796 4872 5262 0
4794 4796 5262 5184 0
4796 4874 4872 5262 0
4796 5264 5262 5186 0
4796 4874 5262 5264 0
4796 5262 5184 5186 0
5070 5072 5148 5538 1
5070 5072 5538 5460 1
5072 5150 5148 5538 1
5072 5540 5538 5462 1
5072 5150 5538 5540 1
5072 5538 5460 5462 1
5072 5074 5150 5540 1
5072 5074 5540 5462 1
5074 5152 5150 5540 1
5074 5542 5540 5464 1
5074 5152 5540 5542 1
5074 5540 5462 5464 1
5074 5076 5152 5542 1
5074 5076 5542 5464 1
5076 5154 5152 5542 1
5076 5544 5542 5466 1
5076 5154 5542 5544 1
5076 5542 5464 5466 1
5076 5078 5154 5544 1
5076 5078 5544 5466 1
5078 5156 5154 5544 1
5078 5546 5544 5468 1
5078 5156 5544 5546 1
5078 5544 5466 5468 1
5078 5080 5156 5546 1
5078 5080 5546 5468 1
5080 5158 5156 5546 1
5080 5548 5546 5470 1
5080 5158 5546 5548 1
5080 5546 5468 5470 1
5080 5082 5158 5548 1
5080 5082 5548 5470 1
5082 5160 5158 5548 1
5082 5550 5548 5472 1
5082 5160 5548 5550 1
5082 5548 5470 5472 1
5082 5084 5160 5550 1
5082 5084 5550 5472 1
5084 5162 5160 5550 1
5084 5552 5550 5474 1
5084 5162 5550 5552 1
5084 5550 5472 5474 1
5084 5086 5162 5552 1
5084 5086 5552 5474 1
5086 5164 5162 5552 1
5086 5554 5552 5476 1
5086 5164 5552 5554 1
5086 5552 5474 5476 1
5086 5088 5164 5554 1
5086 5088 5554 5476 1
5088 5166 5164 5554 1
5088 5556 5554 5478 1
5088 5166 5554 5556 1
5088 5554 5476 5478 1
5088 5090 5166 5556 1
5088 5090 5556 5478 1
5090 5168 5166 5556 1
5090 5558 5556 5480 1
5090 5168 5556 5558 1
5090 5556 5478 5480 1
5090 5092 5168 5558 1
5090 5092 5558 5480 1
5092 5170 5168 5558 1
5092 5560 5558 5482 1
5092 5170 5558 5560 1
5092 5558 5480 5482 1
5092 5094 5170 5560 1
5092 5094 5560 5482 1
5094 5172 5170 5560 1
5094 5562 5560 5484 1
5094 5172 5560 5562 1
5094 5560 5482 5484 1
5094 5096 5172 5562 1
5094 5096 5562 5484 1
5096 5174 5172 5562 1
5096 5564 5562 5486 1
5096 5174 5562 5564 1
5096 5562 5484 5486 1
5096 5098 5174 5564 1
5096 5098 5564 5486 1
5098 5176 5174 5564 1
5098 5566 5564 5488 1
5098 5176 5564 5566 1
5098 5564 5486 5488 1
5098 5100 5176 5566 1
5098 5100 5566 5488 1
5100 5178 5176 5566 1
5100 5568 5566 5490 1
5100 5178 5566 5568 1
5100 5566 5488 5490 1
5100 5102 5178 5568 1
5100 5102 5568 5490 1
5102 5180 5178 5568 1
5102 5570 5568 5492 1
5102 5180 5568 5570 1
5102 5568 5490 5492 1
5102 5104 5180 5570 1
5102 5104 5570 5492 1
5104 5182 5180 5570 1
5104 5572 5570 5494 1
5104 5182 5570 5572 1
5104 5570 5492 5494 1
5104 5106 5182 5572 1
5104 5106 5572 5494 1
5106 5184 5182 5572 1
5106 5574 5572 5496 1
5106 5184 5572 5574 1
5106 5572 5494 5496 1
5106 5108 5184 5574 1
5106 5108 5574 5496 1
5108 5186 5184 5574 1
5108 5576 5574 5498 1
5108 5186 5574 5576 1
5108 5574 5496 5498 1
5148 5150 5226 5616 0
5148 5150 5616 5538 0
5150 5228 5226 5616 0
5150 5618 5616 5540 0
5150 5228 5616 5618 0
5150 5616 5538 5540 0
5150 5152 5228 5618 0
5150 5152 5618 5540 0
5152 5230 5228 5618 0
5152 5620 5618 5542 0
5152 5230 5618 5620 0
5152 5618 5540 5542 0
5152 5154 5230 5620 0
5152 5154 5620 5542 0
5154 5232 5230 5620 0
5154 5622 5620 5544 0
5154 5232 5620 5622 0
5154 5620 5542 5544 0
5154 5156 5232 5622 0
5154 5156 5622 5544 0
5156 5234 5232 5622 0
5156 5624 5622 5546 0
5156 5234 5622 5624 0
5156 5622 5544 5546 0
5156 5158 5234 5624 0
5156 5158 5624 5546 0
5158 5236 5234 5624 0
5158 5626 5624 5548 0
5158 5236 5624 5626 0
5158 5624 5546 5548 0
5158 5160 5236 5626 0
5158 5160 5626 5548 0
5160 5238 5236 5626 0
5160 5628 5626 5550 0
5160 5238 5626 5628 0
5160 5626 5548 5550 0
5160 5162 5238 5628 0
5160 5162 5628 5550 0
5162 5240 5238 5628 0
5162 5630 5628 5552 0
5162 5240 5628 5630 0
5162 5628 5550 5552 0
5162 5164 5240 5630 0
5162 5164 5630 5552 0
5164 5242 5240 5630 0
5164 5632 5630 5554 0
5164 5242 5630 5632 0
5164 5630 5552 5554 0
5164 5166 5242 5632 0
5164 5166 5632 5554 0
5166 5244 5242 5632 0
5166 5634 5632 5556 0
5166 5244 5632 5634 0
5166 5632 5554 5556 0
5166 5168 5244 5634 0
5166 5168 5634 5556 0
5168 5246 5244 5634 0
5168 5636 5634 5558 0
5168 5246 5634 5636 0
5168 5634 5556 5558 0
5168 5170 5246 5636 0
5168 5170 5636 5558 0
5170 5248 5246 5636 0
5170 5638 5636 5560 0
5170 5248 5636 5638 0
5170 5636 5558 5560 0
5170 5172 5248 5638 0
5170 5172 5638 5560 0
5172 5250 5248 5638 0
5172 5640 5638 5562 0
5172 5250 5638 5640 0
5172 5638 5560 5562 0
5172 5174 5250 5640 0
5172 5174 5640 5562 0
5174 5252 5250 5640 0
5174 5642 5640 5564 0
5174 5252 5640 5642 0
5174 5640 5562 5564 0
5174 5176 5252 5642 0
5174 5176 5642 5564 0
5176 5254 5252 5642 0
5176 5644 5642 5566 0
5176 5254 5642 5644 0
5176 5642 5564 5566 0
5176 5178 5254 5644 0
5176 5178 5644 5566 0
5178 5256 5254 5644 0
5178 5646 5644 5568 0
5178 5256 5644 5646 0
5178 5644 5566 5568 0
5178 5180 5256 5646 0
5178 5180 5646 5568 0
5180 5258 5256 5646 0
5180 5648 5646 5570 0
5180 5258 5646 5648 0
5180 5646 5568 5570 0
5180 5182 5258 5648 0
5180 5182 5648 5570 0
5182 5260 5258 5648 0
5182 5650 5648 5572 0
5182 5260 5648 5650 0
5182 5648 5570 5572 0
5182 5184 5260 5650 0
5182 5184 5650 5572 0
5184 5262 5260 5650 0
5184 5652 5650 5574 0
5184 5262 5650 5652 0
5184 5650 5572 5574 0
5184 5186 5262 5652 0
5184 5186 5652 5574 0
5186 5264 5262 5652 0
5186 5654 5652 5576 0
5186 5264 5652 5654 0
5186 5652 5574 5576 0
5460 5462 5538 5928 1
5460 5462 5928 5850 1
5462 5540 5538 5928 1
5462 5930 5928 5852 1
5462 5540 5928 5930 1
5462 5928 5850 5852 1
5462 5464 5540 5930 1
5462 5464 5930 5852 1
5464 5542 5540 5930 1
5464 5932 5930 5854 1
5464 5542 5930 5932 1
5464 5930 5852 5854 1
5464 5466 5542 5932 1
5464 5466 5932 5854 1
5466 5544 5542 5932 1
5466 5934 5932 5856 1
5466 5544 5932 5934 1
5466 5932 5854 5856 1
5466 5468 5544 5934 1
5466 5468 5934 5856 1
5468 5546 5544 5934 1
5468 5936 5934 5858 1
5468 5546 5934 5936 1
5468 5934 5856 5858 1
5468 5470 5546 5936 1
5468 5470 5936 5858 1
5470 5548 5546 5936 1
5470 5938 5936 5860 1
5470 5548 5936 5938 1
5470 5936 5858 5860 1
5470 5472 5548 5938 1
5470 5472 5938 5860 1
5472 5550 5548 5938 1
5472 5940 5938 5862 1
5472 5550 5938 5940 1
5472 5938 5860 5862 1
5472 5474 5550 5940 1
5472 5474 5940 5862 1
5474 5552 5550 5940 1
5474 5942 5940 5864 1
5474 5552 5940 5942 1
5474 5940 5862 5864 1
5474 5476 5552 5942 1
5474 5476 5942 5864 1
5476 5554 5552 5942 1
5476 5944 5942 5866 1
5476 5554 5942 5944 1
5476 5942 5864 5866 1
5476 5478 5554 5944 1
5476 5478 5944 5866 1
5478 5556 5554 5944 1
5478 5946 5944 5868 1
5478 5556 5944 5946 1
5478 5944 5866 5868 1
5478 5480 5556 5946 1
5478 5480 5946 5868 1
5480 5558 5556 5946 1
5480 5948 5946 5870 1
5480 5558 5946 5948 1
5480 5946 5868 5870 1
5480 5482 5558 5948 1
5480 5482 5948 5870 1
5482 5560 5558 5948 1
5482 5950 5948 5872 1
5482 5560 5948 5950 1
5482 5948 5870 5872 1
5482 5484 5560 5950 1
5482 5484 5950 5872 1
5484 5562 5560 5950 1
5484 5952 5950 5874 1
5484 5562 5950 5952 1
5484 5950 5872 5874 1
5484 5486 5562 5952 1
5484 5486 5952 5874 1
5486 5564 5562 5952 1
5486 5954 5952 5876 1
5486 5564 5952 5954 1
5486 5952 5874 5876 1
5486 5488 5564 5954 1
5486 5488 5954 5876 1
5488 5566 5564 5954 1
5488 5956 5954 5878 1
5488 5566 5954 5956 1
5488 5954 5876 5878 1
5488 5490 5566 5956 1
5488 5490 5956 5878 1
5490 5568 5566 5956 1
5490 5958 5956 5880 1
5490 5568 5956 5958 1
5490 5956 5878 5880 1
5490 5492 5568 5958 1
5490 5492 5958 5880 1
5492 5570 5568 5958 1
5492 5960 5958 5882 1
5492 5570 5958 5960 1
5492 5958 5880 5882 1
5492 5494 5570 5960 1
5492 5494 5960 5882 1
5494 5572 5570 5960 1
5494 5962 5960 5884 1
5494 5572 5960 5962 1
5494 5960 5882 5884 1
5494 5496 5572 5962 1
5494 5496 5962 5884 1
5496 5574 5572 5962 1
5496 5964 5962 5886 1
5496 5574 5962 5964 1
5496 5962 5884 5886 1
5496 5498 5574 5964 1
5496 5498 5964 5886 1
5498 5576 5574 5964 1
5498 5966 5964 5888 1
5498 5576 5964 5966 1
5498 5964 5886 5888 1
5538 5540 5616 6006 0
5538 5540 6006 5928 0
5540 5618 5616 6006 0
5540 6008 6006 5930 0
5540 5618 6006 6008 0
5540 6006 5928 5930 0
5540 5542 5618 6008 0
5540 5542 6008 5930 0
5542 5620 5618 6008 0
5542 6010 6008 5932 0
5542 5620 6008 6010 0
5542 6008 5930 5932 0
5542 5544 5620 6010 0
5542 5544 6010 5932 0
5544 5622 5620 6010 0
5544 6012 6010 5934 0
5544 5622 6010 6012 0
5544 6010 5932 5934 0
5544 5546 5622 6012 0
5544 5546 6012 5934 0
5546 5624 5622 6012 0
5546 6014 6012 5936 0
5546 5624 6012 6014 0
5546 6012 5934 5936 0
5546 5548 5624 6014 0
5546 5548 6014 5936 0
5548 5626 5624 6014 0
5548 6016 6014 5938 0
5548 5626 6014 6016 0
5548 6014 5936 5938 0
5548 5550 5626 6016 0
5548 5550 6016 5938 0
5550 5628 5626 6016 0
5550 6018 6016 5940 0
5550 5628 6016 6018 0
5550 6016 5938 5940 0
5550 5552 5628 6018 0
5550 5552 6018 5940 0
5552 5630 5628 6018 0
5552 6020 6018 5942 0
5552 5630 6018 6020 0
5552 6018 5940 5942 0
5552 5554 5630 6020 0
5552 5554 6020 5942 0
5554 5632 5630 6020 0
5554 6022 6020 5944 0
5554 5632 6020 6022 0
5554 6020 5942 5944 0
5554 5556 5632 6022 0
5554 5556 6022 5944 0
5556 5634 5632 6022 0
5556 6024 6022 5946 0
5556 5634 6022 6024 0
5556 6022 5944 5946 0
5556 5558 5634 6024 0
5556 5558 6024 5946 0
5558 5636 5634 6024 0
5558 6026 6024 5948 0
5558 5636 6024 6026 0
5558 6024 5946 5948 0
5558 5560 5636 6026 0
5558 5560 6026 5948 0
5560 5638 5636 6026 0
5560 6028 6026 5950 0
5560 5638 6026 6028 0
5560 6026 5948 5950 0
5560 5562 5638 6028 0
5560 5562 6028 5950 0
5562 5640 5638 6028 0
5562 6030 6028 5952 0
5562 5640 6028 6030 0
5562 6028 5950 5952 0
5562 5564 5640 6030 0
5562 5564 6030 5952 0
5564 5642 5640 6030 0
5564 6032 6030 5954 0
5564 5642 6030 6032 0
5564 6030 5952 5954 0
5564 5566 5642 6032 0
5564 5566 6032 5954 0
5566 5644 5642 6032 0
5566 6034 6032 5956 0
5566 5644 6032 6034 0
5566 6032 5954 5956 0
5566 5568 5644 6034 0
5566 5568 6034 5956 0
5568 5646 5644 6034 0
5568 6036 6034 5958 0
5568 5646 6034 6036 0
5568 6034 5956 5958 0
5568 5570 5646 6036 0
5568 5570 6036 5958 0
5570 5648 5646 6036 0
5570 6038 6036 5960 0
5570 5648 6036 6038 0
5570 6036 5958 5960 0
5570 5572 5648 6038 0
5570 5572 6038 5960 0
5572 5650 5648 6038 0
5572 6040 6038 5962 0
5572 5650 6038 6040 0
5572 6038 5960 5962 0
5572 5574 5650 6040 0
5572 5574 6040 5962 0
5574 5652 5650 6040 0
5574 6042 6040 5964 0
5574 5652 6040 6042 0
5574 6040 5962 5964 0
5574 5576 5652 6042 0
5574 5576 6042 5964 0
5576 5654 5652 6042 0
5576 6044 6042 5966 0
5576 5654 6042 6044 0
5576 6042 5964 5966 0
5850 5852 5928 6318 1
5850 5852 6318 6240 1
5852 5930 5928 6318 1
5852 6320 6318 6242 1
5852 5930 6318 6320 1
5852 6318 6240 6242 1
5852 5854 5930 6320 1
5852 5854 6320 6242 1
5854 5932 5930 6320 1
5854 6322 6320 6244 1
5854 5932 6320 6322 1
5854 6320 6242 6244 1
5854 5856 5932 6322 1
5854 5856 6322 6244 1
5856 5934 5932 6322 1
5856 6324 6322 6246 1
5856 5934 6322 6324 1
5856 6322 6244 6246 1
5856 5858 5934 6324 1
5856 5858 6324 6246 1
5858 5936 5934 6324 1
5858 6326 6324 6248 1
5858 5936 6324 6326 1
5858 6324 6246 6248 1
5858 5860 5936 6326 1
5858 5860 6326 6248 1
5860 5938 5936 6326 1
5860 6328 6326 6250 1
5860 5938 6326 6328 1
5860 6326 6248 6250 1
5860 5862 5938 6328 1
5860 5862 6328 6250 1
5862 5940 5938 6328 1
5862 6330 6328 6252 1
5862 5940 6328 6330 1
5862 6328 6250 6252 1
5862 5864 5940 6330 1
5862 5864 6330 6252 1
5864 5942 5940 6330 1
5864 6332 6330 6254 1
5864 5942 6330 6332 1
5864 6330 6252 6254 1
5864 5866 5942 6332 1
5864 5866 6332 6254 1
5866 5944 5942 6332 1
5866 6334 6332 6256 1
5866 5944 6332 6334 1
5866 6332 6254 6256 1
5866 5868 5944 6334 1
5866 5868 6334 6256 1
5868 5946 5944 6334 1
5868 6336 6334 6258 1
5868 5946 6334 6336 1
5868 6334 6256 6258 1
5868 5870 5946 6336 1
5868 5870 6336 6258 1
5870 5948 5946 6336 1
5870 6338 6336 6260 1
5870 5948 6336 6338 1
5870 6336 6258 6260 1
5870 5872 5948 6338 1
5870 5872 6338 6260 1
5872 5950 5948 6338 1
5872 6340 6338 6262 1
5872 5950 6338 6340 1
5872 6338 6260 6262 1
5872 5874 5950 6340 1
5872 5874 6340 6262 1
5874 5952 5950 6340 1
5874 6342 6340 6264 1
5874 5952 6340 6342 1
5874 6340 6262 6264 1
5874 5876 5952 6342 1
5874 5876 6342 6264 1
5876 5954 5952 6342 1
5876 6344 6342 6266 1
5876 5954 6342 6344 1
5876 6342 6264 6266 1
5876 5878 5954 6344 1
5876 5878 6344 6266 1
5878 5956 5954 6344 1
5878 6346 6344 6268 1
5878 5956 6344 6346 1
5878 6344 6266 6268 1
5878 5880 5956 6346 1
5878 5880 6346 6268 1
5880 5958 5956 6346 1
5880 6348 6346 6270 1
5880 5958 6346 6348 1
5880 6346 6268 6270 1
5880 5882 5958 6348 1
5880 5882 6348 6270 1
5882 5960 5958 6348 1
5882 6350 6348 6272 1
5882 5960 6348 6350 1
5882 6348 6270 6272 1
5882 5884 5960 6350 1
5882 5884 6350 6272 1
5884 5962 5960 6350 1
5884 6352 6350 6274 1
5884 5962 6350 6352 1
5884 6350 6272 6274 1
5884 5886 5962 6352 1
5884 5886 6352 6274 1
5886 5964 5962 6352 1
5886 6354 6352 6276 1
5886 5964 6352 6354 1
5886 6352 6274 6276 1
5886 5888 5964 6354 1
5886 5888 6354 6276 1
5888 5966 5964 6354 1
5888 6356 6354 6278 1
5888 5966 6354 6356 1
5888 6354 6276 6278 1
5928 5930 6006 6396 0
5928 5930 6396 6318 0
5930 6008 6006 6396 0
5930 6398 6396 6320 0
5930 6008 6396 6398 0
5930 6396 6318 6320 0
5930 5932 6008 6398 0
5930 5932 6398 6320 0
5932 6010 6008 6398 0
5932 6400 6398 6322 0
5932 6010 6398 6400 0
5932 6398 6320 6322 0
5932 5934 6010 6400 0
5932 5934 6400 6322 0
5934 6012 6010 6400 0
5934 6402 6400 6324 0
5934 6012 6400 6402 0
5934 6400 6322 6324 0
5934 5936 6012 6402 0
5934 5936 6402 6324 0
5936 6014 6012 6402 0
5936 6404 6402 6326 0
5936 6014 6402 6404 0
5936 6402 6324 6326 0
5936 5938 6014 6404 0
5936 5938 6404 6326 0
5938 6016 6014 6404 0
5938 6406 6404 6328 0
5938 6016 6404 6406 0
5938 6404 6326 6328 0
5938 5940 6016 6406 0
5938 5940 6406 6328 0
5940 6018 6016 6406 0
5940 6408 6406 6330 0
5940 6018 6406 6408 0
5940 6406 6328 6330 0
5940 5942 6018 6408 0
5940 5942 6408 6330 0
5942 6020 6018 6408 0
5942 6410 6408 6332 0
5942 6020 6408 6410 0
5942 6408 6330 6332 0
5942 5944 6020 6410 0
5942 5944 6410 6332 0
5944 6022 6020 6410 0
5944 6412 6410 6334 0
5944 6022 6410 6412 0
5944 6410 6332 6334 0
5944 5946 6022 6412 0
5944 5946 6412 6334 0
5946 6024 6022 6412 0
5946 6414 6412 6336 0
5946 6024 6412 6414 0
5946 6412 6334 6336 0
5946 5948 6024 6414 0
5946 5948 6414 6336 0
5948 6026 6024 6414 0
5948 6416 6414 6338 0
5948 6026 6414 6416 0
5948 6414 6336 6338 0
5948 5950 6026 6416 0
5948 5950 6416 6338 0
5950 6028 6026 6416 0
5950 6418 6416 6340 0
5950 6028 6416 6418 0
5950 6416 6338 6340 0
5950 5952 6028 6418 0
5950 5952 6418 6340 0
5952 6030 6028 6418 0
5952 6420 6418 6342 0
5952 6030 6418 6420 0
5952 6418 6340 6342 0
5952 5954 6030 6420 0
5952 5954 6420 6342 0
5954 6032 6030 6420 0
5954 6422 6420 6344 0
5954 6032 6420 6422 0
5954 6420 6342 6344 0
5954 5956 6032 6422 0
5954 5956 6422 6344 0
5956 6034 6032 6422 0
5956 6424 6422 6346 0
5956 6034 6422 6424 0
5956 6422 6344 6346 0
5956 5958 6034 6424 0
5956 5958 6424 6346 0
5958 6036 6034 6424 0
5958 6426 6424 6348 0
5958 6036 6424 6426 0
5958 6424 6346 6348 0
5958 5960 6036 6426 0
5958 5960 6426 6348 0
5960 6038 6036 6426 0
5960 6428 6426 6350 0
5960 6038 6426 6428 0
5960 6426 6348 6350 0
5960 5962 6038 6428 0
5960 5962 6428 6350 0
5962 6040 6038 6428 0
5962 6430 6428 6352 0
5962 6040 6428 6430 0
5962 6428 6350 6352 0
5962 5964 6040 6430 0
5962 5964 6430 6352 0
5964 6042 6040 6430 0
5964 6432 6430 6354 0
5964 6042 6430 6432 0
5964 6430 6352 6354 0
5964 5966 6042 6432 0
5964 5966 6432 6354 0
5966 6044 6042 6432 0
5966 6434 6432 6356 0
5966 6044 6432 6434 0
5966 6432 6354 6356 0
6240 6242 6318 6708 1
6240 6242 6708 6630 1
6242 6320 6318 6708 1
6242 6710 6708 6632 1
6242 6320 6708 6710 1
6242 6708 6630 6632 1
6242 6244 6320 6710 1
6242 6244 6710 6632 1
6244 6322 6320 6710 1
6244 6712 6710 6634 1
6244 6322 6710 6712 1
6244 6710 6632 6634 1
6244 6246 6322 6712 1
6244 6246 6712 6634 1
6246 6324 6322 6712 1
6246 6714 6712 6636 1
6246 6324 6712 6714 1
6246 6712 6634 6636 1
6246 6248 6324 6714 1
6246 6248 6714 6636 1
6248 6326 6324 6714 1
6248 6716 6714 6638 1
6248 6326 6714 6716 1
6248 6714 6636 6638 1
6248 6250 6326 6716 1
6248 6250 6716 6638 1
6250 6328 6326 6716 1
6250 6718 6716 6640 1
6250 6328 6716 6718 1
6250 6716 6638 6640 1
6250 6252 6328 6718 1
6250 6252 6718 6640 1
6252 6330 6328 6718 1
6252 6720 6718 6642 1
6252 6330 6718 6720 1
6252 6718 6640 6642 1
6252 6254 6330 6720 1
6252 6254 6720 6642 1
6254 6332 6330 6720 1
6254 6722 6720 6644 1
6254 6332 6720 6722 1
6254 6720 6642 6644 1
6254 6256 6332 6722 1
6254 6256 6722 6644 1
6256 6334 6332 6722 1
6256 6724 6722 6646 1
6256 6334 6722 6724 1
6256 6722 6644 6646 1
6256 6258 6334 6724 1
6256 6258 6724 6646 1
6258 6336 6334 6724 1
6258 6726 6724 6648 1
6258 6336 6724 6726 1
6258 6724 6646 6648 1
6258 6260 6336 6726 1
6258 6260 6726 6648 1
6260 6338 6336 6726 1
6260 6728 6726 6650 1
6260 6338 6726 6728 1
6260 6726 6648 6650 1
6260 6262 6338 6728 1
6260 6262 6728 6650 1
6262 6340 6338 6728 1
6262 6730 6728 6652 1
6262 6340 6728 6730 1
6262 6728 6650 6652 1
6262 6264 6340 6730 1
6262 6264 6730 6652 1
6264 6342 6340 6730 1
6264 6732 6730 6654 1
6264 6342 6730 6732 1
6264 6730 6652 6654 1
6264 6266 6342 6732 1
6264 6266 6732 6654 1
6266 6344 6342 6732 1
6266 6734 6732 6656 1
6266 6344 6732 6734 1
6266 6732 6654 6656 1
6266 6268 6344 6734 1
6266 6268 6734 6656 1
6268 6346 6344 6734 1
6268 6736 6734 6658 1
6268 6346 6734 6736 1
6268 6734 6656 6658 1
6268 6270 6346 6736 1
6268 6270 6736 6658 1
6270 6348 6346 6736 1
6270 6738 6736 6660 1
6270 6348 6736 6738 1
6270 6736 6658 6660 1
6270 6272 6348 6738 1
6270 6272 6738 6660 1
6272 6350 6348 6738 1
6272 6740 6738 6662 1
6272 6350 6738 6740 1
6272 6738 6660 6662 1
6272 6274 6350 6740 1
6272 6274 6740 6662 1
6274 6352 6350 6740 1
6274 6742 6740 6664 1
6274 6352 6740 6742 1
6274 6740 6662 6664 1
6274 6276 6352 6742 1
6274 6276 6742 6664 1
6276 6354 6352 6742 1
6276 6744 6742 6666 1
6276 6354 6742 6744 1
6276 6742 6664 6666 1
6276 6278 6354 6744 1
6276 6278 6744 6666 1
6278 6356 6354 6744 1
6278 6746 6744 6668 1
6278 6356 6744 6746 1
6278 6744 6666 6668 1
6318 6320 6396 6786 0
6318 6320 6786 6708 0
6320 6398 6396 6786 0
6320 6788 6786 6710 0
6320 6398 6786 6788 0
6320 6786 6708 6710 0
6320 6322 6398 6788 0
6320 6322 6788 6710 0
6322 6400 6398 6788 0
6322 6790 6788 6712 0
6322 6400 6788 6790 0
6322 6788 6710 6712 0
6322 6324 6400 6790 0
6322 6324 6790 6712 0
6324 6402 6400 6790 0
6324 6792 6790 6714 0
6324 6402 6790 6792 0
6324 6790 6712 6714 0
6324 6326 6402 6792 0
6324 6326 6792 6714 0
6326 6404 6402 6792 0
6326 6794 6792 6716 0
6326 6404 6792 6794 0
6326 6792 6714 6716 0
6326 6328 6404 6794 0
6326 6328 6794 6716 0
6328 6406 6404 6794 0
6328 6796 6794 6718 0
6328 6406 6794 6796 0
6328 6794 6716 6718 0
6328 6330 6406 6796 0
6328 6330 6796 6718 0
6330 6408 6406 6796 0
6330 6798 6796 6720 0
6330 6408 6796 6798 0
6330 6796 6718 6720 0
6330 6332 6408 6798 0
6330 6332 6798 6720 0
6332 6410 6408 6798 0
6332 6800 6798 6722 0
6332 6410 6798 6800 0
6332 6798 6720 6722 0
6332 6334 6410 6800 0
6332 6334 6800 6722 0
6334 6412 6410 6800 0
6334 6802 6800 6724 0
6334 6412 6800 6802 0
6334 6800 6722 6724 0
6334 6336 6412 6802 0
6334 6336 6802 6724 0
6336 6414 6412 6802 0
6336 6804 6802 6726 0
6336 6414 6802 6804 0
6336 6802 6724 6726 0
6336 6338 6414 6804 0
6336 6338 6804 6726 0
6338 6416 6414 6804 0
6338 6806 6804 6728 0
6338 6416 6804 6806 0
6338 6804 6726 6728 0
6338 6340 6416 6806 0
6338 6340 6806 6728 0
6340 6418 6416 6806 0
6340 6808 6806 6730 0
6340 6418 6806 6808 0
6340 6806 6728 6730 0
6340 6342 6418 6808 0
6340 6342 6808 6730 0
6342 6420 6418 6808 0
6342 6810 6808 6732 0
6342 6420 6808 6810 0
6342 6808 6730 6732 0
6342 6344 6420 6810 0
6342 6344 6810 6732 0
6344 6422 6420 6810 0
6344 6812 6810 6734 0
6344 6422 6810 6812 0
6344 6810 6732 6734 0
6344 6346 6422 6812 0
6344 6346 6812 6734 0
6346 6424 6422 6812 0
6346 6814 6812 6736 0
6346 6424 6812 6814 0
6346 6812 6734 6736 0
6346 6348 6424 6814 0
6346 6348 6814 6736 0
6348 6426 6424 6814 0
6348 6816 6814 6738 0
6348 6426 6814 6816 0
6348 6814 6736 6738 0
6348 6350 6426 6816 0
6348 6350 6816 6738 0
6350 6428 6426 6816 0
6350 6818 6816 6740 0
6350 6428 6816 6818 0
6350 6816 6738 6740 0
6350 6352 6428 6818 0
6350 6352 6818 6740 0
6352 6430 6428 6818 0
6352 6820 6818 6742 0
6352 6430 6818 6820 0
6352 6818 6740 6742 0
6352 6354 6430 6820 0
6352 6354 6820 6742 0
6354 6432 6430 6820 0
6354 6822 6820 6744 0
6354 6432 6820 6822 0
6354 6820 6742 6744 0
6354 6356 6432 6822 0
6354 6356 6822 6744 0
6356 6434 6432 6822 0
6356 6824 6822 6746 0
6356 6434 6822 6824 0
6356 6822 6744 6746 0
6630 6632 6708 7098 1
6630 6632 7098 7020 1
6632 6710 6708 7098 1
6632 7100 7098 7022 1
6632 6710 7098 7100 1
6632 7098 7020 7022 1
6632 6634 6710 7100 1
6632 6634 7100 7022 1
6634 6712 6710 7100 1
6634 7102 7100 7024 1
6634 6712 7100 7102 1
6634 7100 7022 7024 1
6634 6636 6712 7102 1
6634 6636 7102 7024 1
6636 6714 6712 7102 1
6636 7104 7102 7026 1
6636 6714 7102 7104 1
6636 7102 7024 7026 1
6636 6638 6714 7104 1
6636 6638 7104 7026 1
6638 6716 6714 7104 1
6638 7106 7104 7028 1
6638 6716 7104 7106 1
6638 7104 7026 7028 1
6638 6640 6716 7106 1
6638 6640 7106 7028 1
6640 6718 6716 7106 1
6640 7108 7106 7030 1
6640 6718 7106 7108 1
6640 7106 7028 7030 1
6640 6642 6718 7108 1
6640 6642 7108 7030 1
6642 6720 6718 7108 1
6642 7110 7108 7032 1
6642 6720 7108 7110 1
6642 7108 7030 7032 1
6642 6644 6720 7110 1
6642 6644 7110 7032 1
6644 6722 6720 7110 1
6644 7112 7110 7034 1
6644 6722 7110 7112 1
6644 7110 7032 7034 1
6644 6646 6722 7112 1
6644 6646 7112 7034 1
6646 6724 6722 7112 1
6646 7114 7112 7036 1
6646 6724 7112 7114 1
6646 7112 7034 7036 1
6646 6648 6724 7114 1
6646 6648 7114 7036 1
6648 6726 6724 7114 1
6648 7116 7114 7038 1
6648 6726 7114 7116 1
6648 7114 7036 7038 1
6648 6650 6726 7116 1
6648 6650 7116 7038 1
6650 6728 6726 7116 1
6650 7118 7116 7040 1
6650 6728 7116 7118 1
6650 7116 7038 7040 1
6650 6652 6728 7118 1
6650 6652 7118 7040 1
6652 6730 6728 7118 1
6652 7120 7118 7042 1
6652 6730 7118 7120 1
6652 7118 7040 7042 1
6652 6654 6730 7120 1
6652 6654 7120 7042 1
6654 6732 6730 7120 1
6654 7122 7120 7044 1
6654 6732 7120 7122 1
6654 7120 7042 7044 1
6654 6656 6732 7122 1
6654 6656 7122 7044 1
6656 6734 6732 7122 1
6656 7124 7122 7046 1
6656 6734 7122 7124 1
6656 7122 7044 7046 1
6656 6658 6734 7124 1
6656 6658 7124 7046 1
6658 6736 6734 7124 1
6658 7126 7124 7048 1
6658 6736 7124 7126 1
6658 7124 7046 7048 1
6658 6660 6736 7126 1
6658 6660 7126 7048 1
6660 6738 6736 7126 1
6660 7128 7126 7050 1
6660 6738 7126 7128 1
6660 7126 7048 7050 1
6660 6662 6738 7128 1
6660 6662 7128 7050 1
6662 6740 6738 7128 1
6662 7130 7128 7052 1
6662 6740 7128 7130 1
6662 7128 7050 7052 1
6662 6664 6740 7130 1
6662 6664 7130 7052 1
6664 6742 6740 7130 1
6664 7132 7130 7054 1
6664 6742 7130 7132 1
6664 7130 7052 7054 1
6664 6666 6742 7132 1
6664 6666 7132 7054 1
6666 6744 6742 7132 1
6666 7134 7132 7056 1
6666 6744 7132 7134 1
6666 7132 7054 7056 1
6666 6668 6744 7134 1
6666 6668 7134 7056 1
6668 6746 6744 7134 1
6668 7136 7134 7058 1
6668 6746 7134 7136 1
6668 7134 7056 7058 1
6708 6710 6786 7176 0
6708 6710 7176 7098 0
6710 6788 6786 7176 0
6710 7178 7176 7100 0
6710 6788 7176 7178 0
6710 7176 7098 7100 0
6710 6712 6788 7178 0
6710 6712 7178 7100 0
6712 6790 6788 7178 0
6712 7180 7178 7102 0
6712 6790 7178 7180 0
6712 7178 7100 7102 0
6712 6714 6790 7180 0
6712 6714 7180 7102 0
6714 6792 6790 7180 0
6714 7182 7180 7104 0
6714 6792 7180 7182 0
6714 7180 7102 7104 0
6714 6716 6792 7182 0
6714 6716 7182 7104 0
6716 6794 6792 7182 0
6716 7184 7182 7106 0
6716 6794 7182 7184 0
6716 7182 7104 7106 0
6716 6718 6794 7184 0
6716 6718 7184 7106 0
6718 6796 6794 7184 0
6718 7186 7184 7108 0
6718 6796 7184 7186 0
6718 7184 7106 7108 0
6718 6720 6796 7186 0
6718 6720 7186 7108 0
6720 6798 6796 7186 0
6720 7188 7186 7110 0
6720 6798 7186 7188 0
6720 7186 7108 7110 0
6720 6722 6798 7188 0
6720 6722 7188 7110 0
6722 6800 6798 7188 0
6722 7190 7188 7112 0
6722 6800 7188 7190 0
6722 7188 7110 7112 0
6722 6724 6800 7190 0
6722 6724 7190 7112 0
6724 6802 6800 7190 0
6724 7192 7190 7114 0
6724 6802 7190 7192 0
6724 7190 7112 7114 0
6724 6726 6802 7192 0
6724 6726 7192 7114 0
6726 6804 6802 7192 0
6726 7194 7192 7116 0
6726 6804 7192 7194 0
6726 7192 7114 7116 0
6726 6728 6804 7194 0
6726 6728 7194 7116 0
6728 6806 6804 7194 0
6728 7196 7194 7118 0
6728 6806 7194 7196 0
6728 7194 7116 7118 0
6728 6730 6806 7196 0
6728 6730 7196 7118 0
6730 6808 6806 7196 0
6730 7198 7196 7120 0
6730 6808 7196 7198 0
6730 7196 7118 7120 0
6730 6732 6808 7198 0
6730 6732 7198 7120 0
6732 6810 6808 7198 0
6732 7200 7198 7122 0
6732 6810 7198 7200 0
6732 7198 7120 7122 0
6732 6734 6810 7200 0
6732 6734 7200 7122 0
6734 6812 6810 7200 0
6734 7202 7200 7124 0
6734 6812 7200 7202 0
6734 7200 7122 7124 0
6734 6736 6812 7202 0
6734 6736 7202 7124 0
6736 6814 6812 7202 0
6736 7204 7202 7126 0
6736 6814 7202 7204 0
6736 7202 7124 7126 0
6736 6738 6814 7204 0
6736 6738 7204 7126 0
6738 6816 6814 7204 0
6738 7206 7204 7128 0
6738 6816 7204 7206 0
6738 7204 7126 7128 0
6738 6740 6816 7206 0
6738 6740 7206 7128 0
6740 6818 6816 7206 0
6740 7208 7206 7130 0
6740 6818 7206 7208 0
6740 7206 7128 7130 0
6740 6742 6818 7208 0
6740 6742 7208 7130 0
6742 6820 6818 7208 0
6742 7210 7208 7132 0
6742 6820 7208 7210 0
6742 7208 7130 7132 0
6742 6744 6820 7210 0
6742 6744 7210 7132 0
6744 6822 6820 7210 0
6744 7212 7210 7134 0
6744 6822 7210 7212 0
6744 7210 7132 7134 0
6744 6746 6822 7212 0
6744 6746 7212 7134 0
6746 6824 6822 7212 0
6746 7214 7212 7136 0
6746 6824 7212 7214 0
6746 7212 7134 7136 0
