0 1 6 7 18 19 24 25 
1 2 7 8 19 20 25 26 
2 3 8 9 20 21 26 27 
3 4 9 10 21 22 27 28 
4 5 10 11 22 23 28 29 
6 7 12 13 24 25 30 31 
7 8 13 14 25 26 31 32 
8 9 14 15 26 27 32 33 
9 10 15 16 27 28 33 34 
10 11 16 17 28 29 34 35 
18 19 24 25 36 37 42 43 
19 20 25 26 37 38 43 44 
20 21 26 27 38 39 44 45 
21 22 27 28 39 40 45 46 
22 23 28 29 40 41 46 47 
24 25 30 31 42 43 48 49 
25 26 31 32 43 44 49 50 
26 27 32 33 44 45 50 51 
27 28 33 34 45 46 51 52 
28 29 34 35 46 47 52 53 
36 37 42 43 54 55 60 61 
37 38 43 44 55 56 61 62 
38 39 44 45 56 57 62 63 
39 40 45 46 57 58 63 64 
40 41 46 47 58 59 64 65 
42 43 48 49 60 61 66 67 
43 44 49 50 61 62 67 68 
44 45 50 51 62 63 68 69 
45 46 51 52 63 64 69 70 
46 47 52 53 64 65 70 71 
54 55 60 61 72 73 78 79 
55 56 61 62 73 74 79 80 
56 57 62 63 74 75 80 81 
57 58 63 64 75 76 81 82 
58 59 64 65 76 77 82 83 
60 61 66 67 78 79 84 85 
61 62 67 68 79 80 85 86 
62 63 68 69 80 81 86 87 
63 64 69 70 81 82 87 88 
64 65 70 71 82 83 88 89 
72 73 78 79 90 91 96 97 
73 74 79 80 91 92 97 98 
74 75 80 81 92 93 98 99 
75 76 81 82 93 94 99 100 
76 77 82 83 94 95 100 101 
78 79 84 85 96 97 102 103 
79 80 85 86 97 98 103 104 
80 81 86 87 98 99 104 105 
81 82 87 88 99 100 105 106 
82 83 88 89 100 101 106 107 
