1.1196447610330786 0 9.937122098932425
1.0915729292592962 0.2491443979243751 9.937122098932425
1.0087650728008475 0.48579565540041697 9.937122098932425
0.8753735233560549 0.6980870902086832 9.937122098932425
0.6980870902086833 0.8753735233560549 9.937122098932425
0.4857956554004171 1.0087650728008475 9.937122098932425
0.24914439792437518 1.0915729292592962 9.937122098932425
6.855846863906315E-17 1.1196447610330786 9.937122098932425
0.8397335707748089 0 7.4528415741993195
0.8186796969444721 0.1868582984432813 7.4528415741993195
0.7565738046006356 0.3643467415503127 7.4528415741993195
0.6565301425170411 0.5235653176565124 7.4528415741993195
0.5235653176565125 0.6565301425170411 7.4528415741993195
0.36434674155031277 0.7565738046006356 7.4528415741993195
0.18685829844328136 0.8186796969444721 7.4528415741993195
5.141885147929736E-17 0.8397335707748089 7.4528415741993195
0.5598223805165393 0 4.968561049466213
0.5457864646296481 0.12457219896218755 4.968561049466213
0.5043825364004237 0.24289782770020849 4.968561049466213
0.43768676167802745 0.3490435451043416 4.968561049466213
0.34904354510434166 0.43768676167802745 4.968561049466213
0.24289782770020854 0.5043825364004237 4.968561049466213
0.12457219896218759 0.5457864646296481 4.968561049466213
3.4279234319531574E-17 0.5598223805165393 4.968561049466213
0.3358934283099236 0 2.9811366296797277
0.3274718787777888 0.07474331937731253 2.9811366296797277
0.3026295218402542 0.1457386966201251 2.9811366296797277
0.26261205700681645 0.20942612706260497 2.9811366296797277
0.209426127062605 0.26261205700681645 2.9811366296797277
0.14573869662012512 0.3026295218402542 2.9811366296797277
0.07474331937731254 0.3274718787777888 2.9811366296797277
2.0567540591718944E-17 0.3358934283099236 2.9811366296797277
0.11196447610330786 0 0.9937122098932426
0.10915729292592961 0.024914439792437508 0.9937122098932426
0.10087650728008474 0.0485795655400417 0.9937122098932426
0.08753735233560547 0.06980870902086832 0.9937122098932426
0.06980870902086833 0.08753735233560547 0.9937122098932426
0.048579565540041704 0.10087650728008474 0.9937122098932426
0.024914439792437515 0.10915729292592961 0.9937122098932426
6.855846863906314E-18 0.11196447610330786 0.9937122098932426
2.225209339563144 0 9.749279121818237
2.1694186955877903 0.49515566048790427 9.749279121818237
2.0048443395120956 0.9654821485689689 9.749279121818237
1.7397387167523584 1.3873953302184276 9.749279121818237
1.387395330218428 1.7397387167523584 9.749279121818237
0.965482148568969 2.0048443395120956 9.749279121818237
0.49515566048790444 2.1694186955877903 9.749279121818237
1.3625477475643998E-16 2.225209339563144 9.749279121818237
1.668907004672358 0 7.311959341363677
1.627064021690843 0.37136674536592823 7.311959341363677
1.5036332546340716 0.7241116114267268 7.311959341363677
1.3048040375642689 1.0405464976638208 7.311959341363677
1.040546497663821 1.3048040375642689 7.311959341363677
0.7241116114267269 1.5036332546340716 7.311959341363677
0.37136674536592834 1.627064021690843 7.311959341363677
1.0219108106733E-16 1.668907004672358 7.311959341363677
1.112604669781572 0 4.874639560909118
1.0847093477938952 0.24757783024395214 4.874639560909118
1.0024221697560478 0.48274107428448443 4.874639560909118
0.8698693583761792 0.6936976651092138 4.874639560909118
0.693697665109214 0.8698693583761792 4.874639560909118
0.4827410742844845 1.0024221697560478 4.874639560909118
0.24757783024395222 1.0847093477938952 4.874639560909118
6.812738737821999E-17 1.112604669781572 4.874639560909118
0.6675628018689432 0 2.924783736545471
0.6508256086763372 0.1485466981463713 2.924783736545471
0.6014533018536288 0.2896446445706907 2.924783736545471
0.5219216150257076 0.4162185990655284 2.924783736545471
0.41621859906552844 0.5219216150257076 2.924783736545471
0.2896446445706907 0.6014533018536288 2.924783736545471
0.14854669814637134 0.6508256086763372 2.924783736545471
4.0876432426932005E-17 0.6675628018689432 2.924783736545471
0.2225209339563144 0 0.9749279121818236
0.21694186955877906 0.049515566048790434 0.9749279121818236
0.20048443395120955 0.0965482148568969 0.9749279121818236
0.17397387167523584 0.13873953302184278 0.9749279121818236
0.1387395330218428 0.17397387167523584 0.9749279121818236
0.09654821485689691 0.20048443395120955 0.9749279121818236
0.04951556604879044 0.21694186955877906 0.9749279121818236
1.3625477475644E-17 0.2225209339563144 0.9749279121818236
3.302790619551671 0 9.438833303083676
3.2199827630932227 0.7349400533247922 9.438833303083676
2.9757115254161985 1.4330271435334754 9.438833303083676
2.582225686365586 2.059256268965155 9.438833303083676
2.0592562689651555 2.582225686365586 9.438833303083676
1.4330271435334756 2.9757115254161985 9.438833303083676
0.7349400533247923 3.2199827630932227 9.438833303083676
2.022375980243929E-16 3.302790619551671 9.438833303083676
2.477092964663753 0 7.079124977312757
2.4149870723199167 0.551205039993594 7.079124977312757
2.231783644062149 1.0747703576501064 7.079124977312757
1.9366692647741892 1.5444422017238661 7.079124977312757
1.5444422017238664 1.9366692647741892 7.079124977312757
1.0747703576501066 2.231783644062149 7.079124977312757
0.5512050399935942 2.4149870723199167 7.079124977312757
1.5167819851829465E-16 2.477092964663753 7.079124977312757
1.6513953097758356 0 4.719416651541838
1.6099913815466114 0.3674700266623961 4.719416651541838
1.4878557627080993 0.7165135717667377 4.719416651541838
1.291112843182793 1.0296281344825775 4.719416651541838
1.0296281344825777 1.291112843182793 4.719416651541838
0.7165135717667378 1.4878557627080993 4.719416651541838
0.36747002666239614 1.6099913815466114 4.719416651541838
1.0111879901219645E-16 1.6513953097758356 4.719416651541838
0.9908371858655013 0 2.8316499909251025
0.9659948289279667 0.2204820159974376 2.8316499909251025
0.8927134576248595 0.4299081430600426 2.8316499909251025
0.7746677059096757 0.6177768806895465 2.8316499909251025
0.6177768806895466 0.7746677059096757 2.8316499909251025
0.42990814306004266 0.8927134576248595 2.8316499909251025
0.22048201599743766 0.9659948289279667 2.8316499909251025
6.067127940731787E-17 0.9908371858655013 2.8316499909251025
0.3302790619551671 0 0.9438833303083676
0.3219982763093222 0.07349400533247921 0.9438833303083676
0.29757115254161987 0.14330271435334754 0.9438833303083676
0.25822256863655857 0.2059256268965155 0.9438833303083676
0.20592562689651553 0.25822256863655857 0.9438833303083676
0.14330271435334754 0.29757115254161987 0.9438833303083676
0.07349400533247923 0.3219982763093222 0.9438833303083676
2.0223759802439286E-17 0.3302790619551671 0.9438833303083676
4.3388373911755815 0 9.009688679024192
4.23005367907524 0.965482148568969 9.009688679024192
3.9091574123401496 1.8825509907063325 9.009688679024192
3.392239669730524 2.705220865321327 9.009688679024192
2.705220865321328 3.392239669730524 9.009688679024192
1.8825509907063327 3.9091574123401496 9.009688679024192
0.9654821485689693 4.23005367907524 9.009688679024192
2.656771661562014E-16 4.3388373911755815 9.009688679024192
3.254128043381686 0 6.757266509268144
3.17254025930643 0.7241116114267268 6.757266509268144
2.931868059255112 1.4119132430297492 6.757266509268144
2.5441797522978926 2.0289156489909956 6.757266509268144
2.0289156489909956 2.5441797522978926 6.757266509268144
1.4119132430297494 2.931868059255112 6.757266509268144
0.7241116114267269 3.17254025930643 6.757266509268144
1.9925787461715106E-16 3.254128043381686 6.757266509268144
2.1694186955877908 0 4.504844339512096
2.11502683953762 0.4827410742844845 4.504844339512096
1.9545787061700748 0.9412754953531662 4.504844339512096
1.696119834865262 1.3526104326606636 4.504844339512096
1.352610432660664 1.696119834865262 4.504844339512096
0.9412754953531663 1.9545787061700748 4.504844339512096
0.48274107428448465 2.11502683953762 4.504844339512096
1.328385830781007E-16 2.1694186955877908 4.504844339512096
1.3016512173526744 0 2.7029066037072575
1.269016103722572 0.28964464457069067 2.7029066037072575
1.1727472237020449 0.5647652972118997 2.7029066037072575
1.017671900919157 0.8115662595963982 2.7029066037072575
0.8115662595963984 1.017671900919157 2.7029066037072575
0.5647652972118998 1.1727472237020449 2.7029066037072575
0.2896446445706908 1.269016103722572 2.7029066037072575
7.970314984686042E-17 1.3016512173526744 2.7029066037072575
0.4338837391175581 0 0.9009688679024191
0.42300536790752397 0.0965482148568969 0.9009688679024191
0.3909157412340149 0.18825509907063323 0.9009688679024191
0.33922396697305235 0.2705220865321327 0.9009688679024191
0.2705220865321328 0.33922396697305235 0.9009688679024191
0.18825509907063326 0.3909157412340149 0.9009688679024191
0.09654821485689692 0.42300536790752397 0.9009688679024191
2.656771661562014E-17 0.4338837391175581 0.9009688679024191
5.320320765153365 0 8.467241992282842
5.186929215708573 1.1838827456091001 8.467241992282842
4.79344337665796 2.30840066688953 8.467241992282842
4.159594271025298 3.317165739690377 8.467241992282842
3.3171657396903775 4.159594271025298 8.467241992282842
2.30840066688953 4.79344337665796 8.467241992282842
1.1838827456091003 5.186929215708573 8.467241992282842
3.257756897741133E-16 5.320320765153365 8.467241992282842
3.9902405738650244 0 6.350431494212132
3.89019691178143 0.8879120592068251 6.350431494212132
3.5950825324934703 1.7313005001671478 6.350431494212132
3.119695703268974 2.487874304767783 6.350431494212132
2.4878743047677836 3.119695703268974 6.350431494212132
1.7313005001671478 3.5950825324934703 6.350431494212132
0.8879120592068254 3.89019691178143 6.350431494212132
2.44331767330585E-16 3.9902405738650244 6.350431494212132
2.6601603825766826 0 4.233620996141421
2.5934646078542865 0.5919413728045501 4.233620996141421
2.39672168832898 1.154200333444765 4.233620996141421
2.079797135512649 1.6585828698451885 4.233620996141421
1.6585828698451888 2.079797135512649 4.233620996141421
1.154200333444765 2.39672168832898 4.233620996141421
0.5919413728045502 2.5934646078542865 4.233620996141421
1.6288784488705665E-16 2.6601603825766826 4.233620996141421
1.5960962295460097 0 2.540172597684853
1.556078764712572 0.35516482368273006 2.540172597684853
1.4380330129973882 0.692520200066859 2.540172597684853
1.2478782813075895 0.9951497219071131 2.540172597684853
0.9951497219071134 1.2478782813075895 2.540172597684853
0.6925202000668591 1.4380330129973882 2.540172597684853
0.3551648236827301 1.556078764712572 2.540172597684853
9.7732706932234E-17 1.5960962295460097 2.540172597684853
0.5320320765153366 0 0.8467241992282842
0.5186929215708573 0.11838827456091001 0.8467241992282842
0.47934433766579604 0.23084006668895302 0.8467241992282842
0.41595942710252987 0.33171657396903775 0.8467241992282842
0.3317165739690378 0.41595942710252987 0.8467241992282842
0.23084006668895304 0.47934433766579604 0.8467241992282842
0.11838827456091004 0.5186929215708573 0.8467241992282842
3.2577568977411334E-17 0.5320320765153366 0.8467241992282842
6.234898018587335 0 7.818314824680298
6.0785761079279395 1.3873953302184276 7.818314824680298
5.617449009293667 2.705220865321327 7.818314824680298
4.8746395609091175 3.8873953302184274 7.818314824680298
3.887395330218428 4.8746395609091175 7.818314824680298
2.7052208653213277 5.617449009293667 7.818314824680298
1.387395330218428 6.0785761079279395 7.818314824680298
3.817773950736577E-16 6.234898018587335 7.818314824680298
4.676173513940501 0 5.863736118510223
4.558932080945954 1.0405464976638208 5.863736118510223
4.213086756970251 2.0289156489909956 5.863736118510223
3.6559796706818384 2.915546497663821 5.863736118510223
2.9155464976638212 3.6559796706818384 5.863736118510223
2.0289156489909956 4.213086756970251 5.863736118510223
1.040546497663821 4.558932080945954 5.863736118510223
2.863330463052433E-16 4.676173513940501 5.863736118510223
3.1174490092936673 0 3.909157412340149
3.0392880539639697 0.6936976651092138 3.909157412340149
2.8087245046468334 1.3526104326606636 3.909157412340149
2.4373197804545588 1.9436976651092137 3.909157412340149
1.943697665109214 2.4373197804545588 3.909157412340149
1.3526104326606638 2.8087245046468334 3.909157412340149
0.693697665109214 3.0392880539639697 3.909157412340149
1.9088869753682885E-16 3.1174490092936673 3.909157412340149
1.8704694055762006 0 2.3454944474040893
1.823572832378382 0.4162185990655284 2.3454944474040893
1.6852347027881003 0.8115662595963982 2.3454944474040893
1.4623918682727355 1.1662185990655283 2.3454944474040893
1.1662185990655285 1.4623918682727355 2.3454944474040893
0.8115662595963983 1.6852347027881003 2.3454944474040893
0.4162185990655285 1.823572832378382 2.3454944474040893
1.1453321852209732E-16 1.8704694055762006 2.3454944474040893
0.6234898018587335 0 0.7818314824680298
0.6078576107927939 0.13873953302184278 0.7818314824680298
0.5617449009293667 0.2705220865321327 0.7818314824680298
0.48746395609091175 0.3887395330218427 0.7818314824680298
0.38873953302184283 0.48746395609091175 0.7818314824680298
0.2705220865321328 0.5617449009293667 0.7818314824680298
0.1387395330218428 0.6078576107927939 0.7818314824680298
3.8177739507365774E-17 0.6234898018587335 0.7818314824680298
7.0710678118654755 0 7.0710678118654755
6.893781378718104 1.573460613564738 7.0710678118654755
6.370811961317673 3.0680213417660025 7.0710678118654755
5.528383429982752 4.408738668949673 7.0710678118654755
4.408738668949674 5.528383429982752 7.0710678118654755
3.068021341766003 6.370811961317673 7.0710678118654755
1.5734606135647384 6.893781378718104 7.0710678118654755
4.3297802811774667E-16 7.0710678118654755 7.0710678118654755
5.303300858899107 0 5.303300858899107
5.170336034038578 1.1800954601735536 5.303300858899107
4.778108970988256 2.301016006324502 5.303300858899107
4.146287572487064 3.306554001712255 5.303300858899107
3.306554001712256 4.146287572487064 5.303300858899107
2.301016006324502 4.778108970988256 5.303300858899107
1.1800954601735538 5.170336034038578 5.303300858899107
3.2473352108831E-16 5.303300858899107 5.303300858899107
3.5355339059327378 0 3.5355339059327378
3.446890689359052 0.786730306782369 3.5355339059327378
3.1854059806588366 1.5340106708830012 3.5355339059327378
2.764191714991376 2.2043693344748365 3.5355339059327378
2.204369334474837 2.764191714991376 3.5355339059327378
1.5340106708830015 3.1854059806588366 3.5355339059327378
0.7867303067823692 3.446890689359052 3.5355339059327378
2.1648901405887333E-16 3.5355339059327378 3.5355339059327378
2.121320343559643 0 2.121320343559643
2.0681344136154314 0.47203818406942144 2.121320343559643
1.9112435883953023 0.9204064025298009 2.121320343559643
1.6585150289948258 1.322621600684902 2.121320343559643
1.3226216006849023 1.6585150289948258 2.121320343559643
0.920406402529801 1.9112435883953023 2.121320343559643
0.47203818406942155 2.0681344136154314 2.121320343559643
1.29893408435324E-16 2.121320343559643 2.121320343559643
0.7071067811865476 0 0.7071067811865476
0.6893781378718105 0.1573460613564738 0.7071067811865476
0.6370811961317674 0.30680213417660024 0.7071067811865476
0.5528383429982753 0.4408738668949674 0.7071067811865476
0.44087386689496744 0.5528383429982753 0.7071067811865476
0.3068021341766003 0.6370811961317674 0.7071067811865476
0.15734606135647383 0.6893781378718105 0.7071067811865476
4.329780281177467E-17 0.7071067811865476 0.7071067811865476
