16 15 14 1 
16 14 2 1 
14 2 1 0 
10 9 13 23 
10 13 24 23 
13 24 23 27 
17 16 14 2 
17 14 3 2 
14 3 2 0 
11 10 13 24 
11 13 25 24 
13 25 24 27 
18 17 14 3 
18 14 4 3 
14 4 3 0 
12 11 13 25 
12 13 26 25 
13 26 25 27 
15 18 14 4 
15 14 1 4 
14 1 4 0 
9 12 13 26 
9 13 23 26 
13 23 26 27 
30 29 28 15 
30 28 16 15 
28 16 15 14 
24 23 27 37 
24 27 38 37 
27 38 37 41 
31 30 28 16 
31 28 17 16 
28 17 16 14 
25 24 27 38 
25 27 39 38 
27 39 38 41 
32 31 28 17 
32 28 18 17 
28 18 17 14 
26 25 27 39 
26 27 40 39 
27 40 39 41 
29 32 28 18 
29 28 15 18 
28 15 18 14 
23 26 27 40 
23 27 37 40 
27 37 40 41 
15 16 2 20 
1 15 2 6 
5 1 6 19 
19 15 6 1 
6 2 20 15 
6 19 20 15 
16 17 3 21 
2 16 3 7 
6 2 7 20 
20 16 7 2 
7 3 21 16 
7 20 21 16 
17 18 4 22 
3 17 4 8 
7 3 8 21 
21 17 8 3 
8 4 22 17 
8 21 22 17 
18 15 1 19 
4 18 1 5 
8 4 5 22 
22 18 5 4 
5 1 19 18 
5 22 19 18 
19 20 6 24 
5 19 6 10 
9 5 10 23 
23 19 10 5 
10 6 24 19 
10 23 24 19 
20 21 7 25 
6 20 7 11 
10 6 11 24 
24 20 11 6 
11 7 25 20 
11 24 25 20 
21 22 8 26 
7 21 8 12 
11 7 12 25 
25 21 12 7 
12 8 26 21 
12 25 26 21 
22 19 5 23 
8 22 5 9 
12 8 9 26 
26 22 9 8 
9 5 23 22 
9 26 23 22 
29 30 16 34 
15 29 16 20 
19 15 20 33 
33 29 20 15 
20 16 34 29 
20 33 34 29 
30 31 17 35 
16 30 17 21 
20 16 21 34 
34 30 21 16 
21 17 35 30 
21 34 35 30 
31 32 18 36 
17 31 18 22 
21 17 22 35 
35 31 22 17 
22 18 36 31 
22 35 36 31 
32 29 15 33 
18 32 15 19 
22 18 19 36 
36 32 19 18 
19 15 33 32 
19 36 33 32 
33 34 20 38 
19 33 20 24 
23 19 24 37 
37 33 24 19 
24 20 38 33 
24 37 38 33 
34 35 21 39 
20 34 21 25 
24 20 25 38 
38 34 25 20 
25 21 39 34 
25 38 39 34 
35 36 22 40 
21 35 22 26 
25 21 26 39 
39 35 26 21 
26 22 40 35 
26 39 40 35 
36 33 19 37 
22 36 19 23 
26 22 23 40 
40 36 23 22 
23 19 37 36 
23 40 37 36 
